id: 11117
name: EverythingWithUnary_EverythingAl_Al10VolMinAllMinRandom_structure_5654
formula: Al4
volume/atom: 238.10661105482555
energy/atom: -0.8907964095375
cell: Cell([[6.44882112, 0.01504105, -0.02768478], [0.01504105, 6.45954048, 0.29885216], [-0.00701874, 0.07576509, 22.86751788]])
positions: [[ 7.52052500e-03  3.22977024e+00  1.49426080e-01]
 [ 3.22441056e+00  7.52052500e-03 -1.38423900e-02]
 [ 3.22090119e+00  4.54030700e-02  1.14199165e+01]
 [ 4.01115500e-03  3.26765279e+00  1.15831850e+01]]
forces: [[-0.  0.  0.]
 [-0. -0.  0.]
 [ 0.  0. -0.]
 [-0. -0. -0.]]
stress: [-5.97419772e-03 -5.94413862e-03 -1.52417652e-05 -2.75362897e-04
  3.05896360e-05  9.32419041e-05]
metadata: {'name': 11116}

id: 11226
name: EverythingWithUnary_EverythingAl_Al10VolMinAllMinRandom_structure_7188
formula: Al6
volume/atom: 203.61975914093372
energy/atom: -1.1713265698033333
cell: Cell([[5.55597273, -3.20836502, -0.48095676], [-0.00053867, 5.6601383, -0.28622166], [-0.05627763, -0.00618005, 38.85833683]])
positions: [[ 3.68973304e+00 -2.53742328e-01  9.29853874e+00]
 [ 1.80942339e+00  2.69933556e+00  2.87926197e+01]
 [-4.61902345e-02  5.65512500e+00  3.12351517e+01]
 [-3.87644916e-02 -4.25683347e-03  2.67661318e+01]
 [ 5.54534709e+00 -3.20953177e+00  6.85575176e+00]
 [ 5.53792055e+00  2.44985002e+00  1.13252815e+01]]
forces: [[ 0.20590271  0.11194645  0.02016097]
 [-0.20592814 -0.11194775 -0.02016379]
 [-0.04611291 -0.01579288 -0.61053914]
 [ 0.25204903  0.12771752  0.63076661]
 [ 0.04611312  0.01578394  0.61049146]
 [-0.2520238  -0.12770728 -0.63071611]]
stress: [-0.00588996 -0.00633975 -0.00476824 -0.00021138 -0.0004669  -0.00022979]
metadata: {'name': 11225}

id: 11832
name: EverythingWithUnary_EverythingCa_CrystalsVolMinAllMinRandom_structure_7919
formula: Ca
volume/atom: 230.64602173451627
energy/atom: -0.156933141043
cell: Cell([[6.32239558, -0.06637916, 0.10579459], [-0.06637944, 6.2285992, 0.00101643], [0.10583529, 0.00101392, 5.85940949]])
positions: [[ 6.32239539 -0.06637903  0.10579459]]
forces: [[ 0.  0. -0.]]
stress: [-1.21526551e-03 -1.35663569e-03 -2.02915205e-03 -5.61735817e-07
 -3.85225940e-05  2.01288668e-05]
metadata: {'name': 11831}

id: 12000
name: EverythingWithUnary_EverythingCa_CrystalsVolMinAllMinRandom_structure_8127
formula: Ca2
volume/atom: 209.2646834737398
energy/atom: -0.179014317511
cell: Cell([[10.20822713, 0.02738017, -0.06463589], [0.04505802, 6.52934332, 0.08662482], [-0.11424576, 0.0913754, 6.28128587]])
positions: [[10.15110372  0.0730715   3.07600967]
 [ 5.06952031  3.32405106  3.15162699]]
forces: [[-0. -0.  0.]
 [ 0.  0. -0.]]
stress: [-2.68849258e-03 -2.27830061e-03 -1.38952220e-03 -3.54829791e-05
  2.66013117e-05  3.75676431e-05]
metadata: {'name': 11999}

id: 15298
name: EverythingWithUnary_EverythingCa_CrystalsVolMinAllMinRandom_structure_10376
formula: Ca3
volume/atom: 216.97089081690714
energy/atom: -0.247566673091
cell: Cell([[10.12706578, -5.6313129, -0.04743179], [0.18674632, 10.96065652, -0.14401331], [-0.0774493, -0.25810462, 5.81333834]])
positions: [[ 5.02467723 -2.94465844  2.88780645]
 [ 0.05493017  5.35109667  2.83449018]
 [ 5.11804375  2.53575832  2.8062687 ]]
forces: [[-5.0990e-05 -5.5000e-07 -2.8942e-04]
 [ 1.0728e-04 -1.5910e-05  3.9800e-06]
 [-5.6300e-05  1.6450e-05  2.8544e-04]]
stress: [-2.42123117e-03 -2.79202050e-03 -2.16316349e-03  5.35833554e-05
  2.84737644e-05 -3.26430925e-06]
metadata: {'name': 15297}

id: 15967
name: EverythingWithUnary_EverythingCa_CrystalsVolMinAllMinRandom_structure_6855
formula: Ca4
volume/atom: 203.18391376674984
energy/atom: -0.1706813948615
cell: Cell([[10.66242294, -5.99491583, 0.05404223], [0.13967372, 12.68440613, 0.15002578], [0.09310709, 0.23595333, 5.97616078]])
positions: [[ 5.51261734  9.80759193  3.1657108 ]
 [10.77870026  0.45953507  3.11683282]
 [ 5.45263679  3.46580888  3.08983928]
 [10.80200867  6.68947581  0.20406903]]
forces: [[-2.0521e-04  6.7370e-05  9.8000e-07]
 [-1.0544e-04 -1.8439e-04  5.4200e-06]
 [ 2.2568e-04  1.8506e-04 -7.0000e-06]
 [ 8.4970e-05 -6.8040e-05  5.9000e-07]]
stress: [-2.11216412e-03 -1.97646747e-03 -2.45407399e-03 -2.30249270e-05
 -1.10974031e-05  1.19936838e-04]
metadata: {'name': 15966}

id: 16081
name: EverythingWithUnary_EverythingCa_CrystalsVolMinAllMinRandom_structure_7819
formula: Ca3
volume/atom: 247.35673048511535
energy/atom: -0.182559726633
cell: Cell([[10.21325754, -5.99986956, 0.0759962], [-0.05960812, 12.19086926, 0.07051534], [0.13283786, 0.0655398, 5.97899234]])
positions: [[ 5.04704683  9.19083294  0.10851421]
 [10.18336145  0.09557008  0.11126025]
 [ 5.2097284   3.1611473   6.05224288]]
forces: [[ 4.600e-06 -2.279e-05 -5.000e-07]
 [-1.620e-05  5.030e-06  4.600e-07]
 [ 1.160e-05  1.776e-05  5.000e-08]]
stress: [-1.81762106e-03 -1.67744925e-03 -1.68296051e-03 -1.71579084e-05
 -3.41036056e-05  9.18125985e-06]
metadata: {'name': 16080}

id: 16183
name: EverythingWithUnary_EverythingCa_CrystalsVolMinAllMinRandom_structure_8429
formula: Ca4
volume/atom: 210.54397124187952
energy/atom: -0.3566681223125
cell: Cell([[14.16988138, -0.00739167, 0.09461379], [-0.00738646, 9.34003953, -0.04173439], [0.2025261, -0.08968603, 6.36513492]])
positions: [[ 3.36844569  4.59169164  5.44222934]
 [11.14033622  4.58760844  5.49394248]
 [ 7.15512353  2.072811    2.29704283]
 [ 7.1511271   7.19617396  2.27399633]]
forces: [[ 2.5524741e-01  3.0446000e-04 -2.2344700e-02]
 [-2.5524741e-01 -3.0446000e-04  2.2344700e-02]
 [ 1.9528000e-04  2.0785750e-01  5.2629600e-03]
 [-1.9528000e-04 -2.0785750e-01 -5.2629600e-03]]
stress: [-3.30832437e-03 -3.13955396e-03 -3.38531962e-03  3.55141866e-06
  9.90465075e-05 -1.81003763e-07]
metadata: {'name': 16182}

id: 16522
name: EverythingWithUnary_EverythingCa_CrystalsVolMinAllMinRandom_structure_6641
formula: Ca4
volume/atom: 205.73398933084167
energy/atom: -0.162124222707
cell: Cell([[5.83501271, -0.32671596, 1.02141193], [-0.06507179, 6.79568043, 0.07758347], [9.58982833, 12.2049929, 22.61023456]])
positions: [[ 1.36102105  8.60098273  3.43519573]
 [11.98782578 14.3823584  15.76117279]
 [ 3.82372001  4.86601902  9.01304791]
 [14.44975259 10.64752419 21.33754934]]
forces: [[ 3.8190e-05 -5.9119e-04 -3.9310e-04]
 [-2.3330e-05 -3.5147e-04 -3.4961e-04]
 [ 1.1660e-05  3.4659e-04  4.0978e-04]
 [-2.6520e-05  5.9606e-04  3.3293e-04]]
stress: [-2.76343438e-03 -1.65479258e-03 -1.84123894e-03 -2.79245116e-05
 -5.85703212e-05  4.55630162e-05]
metadata: {'name': 16521}

id: 17549
name: EverythingWithUnary_EverythingCa_CrystalsVolMinAllMinRandom_structure_6142
formula: Ca
volume/atom: 208.35415018843406
energy/atom: -0.188658782841
cell: Cell([[5.5947361, 0.04253502, -0.10223161], [0.04253502, 6.16227407, 0.0538416], [-0.10223161, 0.0538416, 6.04607213]])
positions: [[0. 0. 0.]]
forces: [[0. 0. 0.]]
stress: [-3.25847343e-03 -1.90349175e-03 -2.16228344e-03 -2.28127157e-05
  5.24411592e-05 -2.24694327e-05]
metadata: {'name': 17548}

id: 17558
name: EverythingWithUnary_EverythingCa_CrystalsVolMinAllMinRandom_structure_6196
formula: Ca3
volume/atom: 243.66494704399437
energy/atom: -0.194098691111
cell: Cell([[7.8305014, 0.22963502, 0.14050088], [0.22963466, 8.1667242, -0.06800105], [0.1002348, -0.04852873, 11.44249282]])
positions: [[ 0.050118   -0.02425634  5.72124406]
 [ 8.06013512  8.39635364  0.07249986]
 [ 4.0801902   4.17391754  5.75748918]]
forces: [[ 0.  0.  0.]
 [ 0. -0.  0.]
 [-0.  0.  0.]]
stress: [-1.70783916e-03 -1.75255957e-03 -1.72534035e-03  1.62029576e-05
 -3.05896360e-05  2.43063088e-04]
metadata: {'name': 17557}

id: 19084
name: EverythingWithUnary_EverythingCa_CrystalsVolMinAllMinRandom_structure_3679
formula: Ca3
volume/atom: 201.66601375236658
energy/atom: -0.27713800334099997
cell: Cell([[8.11241776, -4.43297002, -0.03307842], [0.21619475, 11.96447016, 0.03227476], [-0.05202508, 0.08859414, 6.17261958]])
positions: [[4.12557619 3.83171675 4.59693372]
 [4.25097929 9.78443123 2.55548818]
 [0.10403354 5.98918047 0.49835162]]
forces: [[-3.896700e-04  2.955320e-03  5.079431e-02]
 [ 3.519000e-04 -2.080880e-03 -9.012240e-03]
 [ 3.777000e-05 -8.744400e-04 -4.178206e-02]]
stress: [-3.38257960e-03 -2.58772966e-03 -3.37993944e-03  1.18026937e-05
 -2.13834101e-05  5.05387473e-04]
metadata: {'name': 19083}

id: 19464
name: EverythingWithUnary_EverythingCa_CrystalsVolMinAllMinRandom_structure_6302
formula: Ca3
volume/atom: 241.91946018884258
energy/atom: -0.1998904382443333
cell: Cell([[10.16424425, -5.96214428, -0.02824327], [-0.0812479, 11.41021423, 0.09054174], [-0.04923299, 0.21048228, 6.28564917]])
positions: [[ 5.08212283 -2.98107199 -0.01412163]
 [-0.04062323  5.70510001  0.04527547]
 [ 4.99227715  2.93451896  6.31679379]]
forces: [[-0. -0.  0.]
 [-0.  0. -0.]
 [ 0. -0.  0.]]
stress: [-2.17723809e-03 -2.28223276e-03 -1.21238817e-03 -3.42534018e-05
  1.93486781e-06 -6.68215961e-05]
metadata: {'name': 19463}

id: 19579
name: EverythingWithUnary_EverythingCa_CrystalsVolMinAllMinRandom_structure_6866
formula: Ca4
volume/atom: 284.37087176813105
energy/atom: -0.15964215250225
cell: Cell([[8.00035752, -4.72272891, 0.1461857], [-0.08986034, 10.88321948, 0.27499736], [0.10655007, 0.16999149, 13.13594769]])
positions: [[ 2.6601642   5.76623114  6.80117289]
 [ 5.30362792  0.47929017  0.19024859]
 [ 5.35688234  0.56424916  6.7559574 ]
 [ 2.713418    5.85120666 13.36687134]]
forces: [[-0.07186006 -0.03833545 -0.00233883]
 [ 0.07188461  0.03837618  0.00260412]
 [ 0.07186006  0.03833545  0.00233883]
 [-0.07188461 -0.03837618 -0.00260412]]
stress: [-1.56009640e-03 -1.24621715e-03 -7.46234825e-04 -3.18753868e-05
 -4.46143069e-05  1.29011993e-05]
metadata: {'name': 19578}

id: 20746
name: EverythingWithUnary_EverythingCa_CrystalsVolMinAllMinRandom_structure_6733
formula: Ca4
volume/atom: 221.67668961377532
energy/atom: -0.17190507393975
cell: Cell([[5.89702988, 0.11870908, 0.06171213], [0.11870905, 5.90598639, -0.04098906], [0.01539611, -0.01028719, 25.47029916]])
positions: [[ 5.49255152e-05  5.46389519e-05  8.81201295e-04]
 [ 6.02337929e+00  6.01948136e+00  1.27551237e+01]
 [ 5.90086861e+00  1.16146862e-01  6.42804228e+00]
 [ 1.15503841e-02 -7.70859172e-03  1.91038494e+01]]
forces: [[ 3.3200e-06 -4.6200e-06  8.3260e-05]
 [-4.8200e-06  5.0300e-06 -5.4280e-05]
 [-3.6300e-06  6.1900e-06 -1.2327e-04]
 [ 5.1300e-06 -6.6000e-06  9.4290e-05]]
stress: [-1.92793974e-03 -1.90950232e-03 -1.09808117e-03  1.16092069e-05
 -1.76385046e-05 -5.04563594e-05]
metadata: {'name': 20745}

id: 34724
name: EverythingWithUnary_Everything_AlCa8VolMinAllMinRandom_structure_11832
formula: Al3Ca
volume/atom: 202.95272063271736
energy/atom: -1.4879838699525
cell: Cell([[5.20280634, -2.84588474, -0.16964106], [0.13683528, 8.59596622, 0.04589455], [-0.07499219, 0.07055745, 17.99784449]])
positions: [[ 2.58324371 -1.40591001  4.19177512]
 [ 0.05123575  4.31451018  4.29969226]
 [ 2.6512474   2.89133152  4.21378246]
 [-0.03014027  0.02922276  7.34181813]]
forces: [[ 0.02792635 -0.01296352  0.50524488]
 [ 0.00362747 -0.00362403  0.07258206]
 [ 0.00618833  0.00622712  0.19192705]
 [-0.03774215  0.01036042 -0.76975399]]
stress: [-7.86949437e-03 -7.00345378e-03 -2.93773477e-03 -1.29760974e-05
  9.06828853e-05  3.95511947e-04]
metadata: {'name': 34723}

id: 42272
name: EverythingWithUnary_EverythingMg_Spg_1_to_10_all_int_min_stretch_hydro_0_8_structure_877
formula: Mg2
volume/atom: 212.84604480488326
energy/atom: -0.1435010095875
cell: Cell([[8.6726447, 0.0, 2.07921573], [0.0, 10.92179491, 0.0], [-1.02148678, 0.0, 4.24927983]])
positions: [[6.24914286 8.74937509 2.62180908]
 [1.40201506 8.74937509 3.70668648]]
forces: [[ 1.851e-05  0.000e+00  6.190e-06]
 [-1.851e-05  0.000e+00 -6.190e-06]]
stress: [-1.96659965e-03 -1.25454332e-06 -2.43001297e-03  0.00000000e+00
  1.17652446e-04  0.00000000e+00]
metadata: {'name': 42271}

id: 43302
name: EverythingWithUnary_EverythingMg_Spg_1_to_10_all_int_min_stretch_hydro_0_8_structure_2221
formula: Mg
volume/atom: 216.51999145387194
energy/atom: -0.0774269842214
cell: Cell([9.01066522, 4.76108423, 5.04702298])
positions: [[0.         0.         2.52351149]]
forces: [[0. 0. 0.]]
stress: [-9.13132778e-06 -1.37805655e-03 -9.98460448e-04  0.00000000e+00
  0.00000000e+00  0.00000000e+00]
metadata: {'name': 43301}

id: 43878
name: EverythingWithUnary_EverythingMg_Spg_1_to_10_all_int_min_stretch_hydro_0_8_structure_3156
formula: Mg
volume/atom: 206.24241836574905
energy/atom: -0.0849411047815
cell: Cell([[5.31941287, -2e-08, 0.0], [-2.43732578, 4.2215721, 0.0], [0.0, 0.0, 9.18417357]])
positions: [[0.         0.         1.03799144]]
forces: [[0. 0. 0.]]
stress: [-1.41030642e-03 -1.68431491e-03 -8.83173534e-06  0.00000000e+00
  0.00000000e+00  8.68318742e-05]
metadata: {'name': 43877}

id: 54193
name: EverythingWithUnary_Everything_Crystals8VolMinAllMinRandom
formula: CaMg
volume/atom: 227.0330718646876
energy/atom: -0.83923779765
cell: Cell([[4.05040336, 0.08091019, 0.16466091], [0.0809227, 6.69836588, 0.12593888], [0.07478167, 0.05725232, 16.7441132]])
positions: [[2.10305963 3.41825995 8.51735364]
 [4.08778615 0.10953693 8.53671837]]
forces: [[-5.08e-06  3.67e-06  1.04e-06]
 [ 5.08e-06 -3.67e-06 -1.04e-06]]
stress: [-4.56529564e-03 -5.59137476e-03 -2.48661722e-05 -1.11729254e-04
 -1.87694661e-04 -2.41652507e-04]
metadata: {'name': 54192}

id: 54483
name: EverythingWithUnary_Everything_Crystals8VolMinAllMinRandom
formula: CaMg2
volume/atom: 230.06528965521784
energy/atom: -0.28895359105966667
cell: Cell([[6.98541835, -0.0197419, 0.23397819], [-0.01898881, 5.10802454, 0.03381714], [0.08159976, 0.01225354, 19.34615995]])
positions: [[3.48410667 5.09971339 2.61416387]
 [6.98577072 2.53574976 2.58624635]
 [3.51076439 2.54827779 6.66363996]]
forces: [[-0.00035816 -0.00151723  0.21521422]
 [-0.00938501 -0.00040586  0.10481379]
 [ 0.00974317  0.00192309 -0.32002801]]
stress: [-2.30398442e-03 -3.48506518e-03 -1.91516961e-03 -1.22146333e-05
 -1.77134028e-05 -4.88086010e-06]
metadata: {'name': 54482}

id: 58473
name: EverythingWithUnary_Everything_Crystals8VolMinAllMinRandom
formula: CaMg2
volume/atom: 206.47486748556764
energy/atom: -0.18652908290166667
cell: Cell([[7.79031045, -4.42470285, 0.11004238], [0.06325076, 8.96519955, -0.07596161], [0.08156955, -0.11211, 8.83529743]])
positions: [[ 5.25540775 -0.01745728  4.46568958]
 [ 7.85356011  4.5404957   0.03408103]
 [ 5.2961955  -0.07351091  8.8833384 ]]
forces: [[-8.08000e-06 -6.01000e-05 -1.40400e-05]
 [-3.36011e-03  6.62887e-03  8.03000e-06]
 [ 3.36819e-03 -6.56877e-03  6.01000e-06]]
stress: [-1.21592087e-03 -1.22608828e-03 -2.73587188e-03  3.87847374e-05
 -3.10203001e-05  9.79916925e-06]
metadata: {'name': 58472}

id: 73541
name: EverythingWithUnary_EverythingMgAl_AllMinTrace
formula: AlMg2
volume/atom: 235.27817413138987
energy/atom: -0.7073247894633333
cell: Cell([[7.76521106, -15.49428284, -1e-07], [7.76521087, 15.49428275, -9e-08], [-4e-08, 0.0, 2.93324381]])
positions: [[ 7.76521086e+00  1.19111192e+01  2.55185476e+00]
 [ 7.76521100e+00 -1.19111193e+01  2.55185479e+00]
 [ 7.76521094e+00 -4.50000002e-08  1.64240284e+00]]
forces: [[-0.00000e+00  6.71189e-03 -2.08000e-05]
 [ 0.00000e+00 -6.71189e-03 -2.08000e-05]
 [-0.00000e+00  0.00000e+00  4.16100e-05]]
stress: [-1.76222767e-04 -8.75496478e-05 -1.11287355e-03 -0.00000000e+00
  0.00000000e+00  0.00000000e+00]
metadata: {'name': 73540}

id: 73542
name: EverythingWithUnary_EverythingMgAl_AllMinTrace
formula: AlMg2
volume/atom: 235.24701111634354
energy/atom: -0.7073568159333333
cell: Cell([[7.76517033, -15.49419499, -1.1e-07], [7.76517014, 15.49419489, -9e-08], [-4e-08, 0.0, 2.93288731]])
positions: [[ 7.76517013e+00  1.19110523e+01  2.55154462e+00]
 [ 7.76517027e+00 -1.19110524e+01  2.55154463e+00]
 [ 7.76517021e+00 -5.00000006e-08  1.64220319e+00]]
forces: [[-0.00000e+00  6.72095e-03 -2.36700e-05]
 [ 0.00000e+00 -6.72095e-03 -2.36700e-05]
 [-0.00000e+00  0.00000e+00  4.73500e-05]]
stress: [-1.76310148e-04 -8.77805836e-05 -1.10612024e-03 -0.00000000e+00
  0.00000000e+00  0.00000000e+00]
metadata: {'name': 73541}

id: 73543
name: EverythingWithUnary_EverythingMgAl_AllMinTrace
formula: AlMg2
volume/atom: 235.29569633720936
energy/atom: -0.7073066956433333
cell: Cell([[7.76523395, -15.49433224, -1e-07], [7.76523377, 15.49433215, -9e-08], [-4e-08, 0.0, 2.93344426]])
positions: [[ 7.76523376e+00  1.19111569e+01  2.55202915e+00]
 [ 7.76523389e+00 -1.19111570e+01  2.55202914e+00]
 [ 7.76523384e+00 -4.50000002e-08  1.64251508e+00]]
forces: [[-0.0000e+00  6.7018e-03 -7.4800e-06]
 [ 0.0000e+00 -6.7018e-03 -7.4800e-06]
 [-0.0000e+00  0.0000e+00  1.4960e-05]]
stress: [-1.76172835e-04 -8.74248176e-05 -1.11666215e-03 -0.00000000e+00
  0.00000000e+00  0.00000000e+00]
metadata: {'name': 73542}

id: 73544
name: EverythingWithUnary_EverythingMgAl_AllMinTrace
formula: AlMg2
volume/atom: 235.09857626411124
energy/atom: -0.70750671239
cell: Cell([[7.76497634, -15.49377649, -1.1e-07], [7.76497615, 15.49377639, -9e-08], [-4e-08, 0.0, 2.93118913]])
positions: [[ 7.76497614e+00  1.19107334e+01  2.55006730e+00]
 [ 7.76497636e+00 -1.19107336e+01  2.55006731e+00]
 [ 7.76497622e+00 -4.99999997e-08  1.64125222e+00]]
forces: [[-0.00000e+00  6.80875e-03 -4.08100e-05]
 [ 0.00000e+00 -6.80875e-03 -4.08100e-05]
 [-0.00000e+00  0.00000e+00  8.16200e-05]]
stress: [-1.76753295e-04 -8.88915722e-05 -1.07362070e-03 -0.00000000e+00
  0.00000000e+00  0.00000000e+00]
metadata: {'name': 73543}

id: 73545
name: EverythingWithUnary_EverythingMgAl_AllMinTrace
formula: AlMg2
volume/atom: 234.26372673374772
energy/atom: -0.7082609691966667
cell: Cell([[7.76388492, -15.49142194, -1.3e-07], [7.7638847, 15.49142183, -1.1e-07], [-4e-08, 0.0, 2.92163489]])
positions: [[ 7.76388461e+00  1.19089393e+01  2.54175557e+00]
 [ 7.76388494e+00 -1.19089394e+01  2.54175558e+00]
 [ 7.76388479e+00 -5.50000001e-08  1.63590196e+00]]
forces: [[-0.00000e+00  7.27789e-03 -2.27500e-05]
 [ 0.00000e+00 -7.27789e-03 -2.27500e-05]
 [-0.00000e+00  0.00000e+00  4.55000e-05]]
stress: [-1.79917741e-04 -9.93710660e-05 -8.77986840e-04 -0.00000000e+00
  0.00000000e+00  0.00000000e+00]
metadata: {'name': 73544}

id: 73546
name: EverythingWithUnary_EverythingMgAl_AllMinTrace
formula: AlMg2
volume/atom: 240.22752892266053
energy/atom: -0.7001333986066666
cell: Cell([[7.77166846, -15.50821351, 0.0], [7.77166846, 15.50821351, 0.0], [0.0, 0.0, 2.98977149]])
positions: [[  7.77166846  11.92173412   2.601031  ]
 [  7.77166846 -11.92173412   2.601031  ]
 [  7.77166846   0.           1.67405761]]
forces: [[ 0.00000e+00  4.26421e-03  4.98200e-05]
 [ 0.00000e+00 -4.26421e-03  4.98200e-05]
 [-0.00000e+00  0.00000e+00 -9.96500e-05]]
stress: [-1.59988602e-04 -5.97998984e-05 -1.98675348e-03  0.00000000e+00
  0.00000000e+00  0.00000000e+00]
metadata: {'name': 73545}

id: 73718
name: EverythingWithUnary_EverythingMgAl_AllMinTrace
formula: AlMg2
volume/atom: 249.76854211343684
energy/atom: -0.70949767973
cell: Cell([[9.8474864, -12.97084117, -4e-08], [9.84756211, 12.97089863, 5e-08], [0.0, 1e-08, 2.93314029]])
positions: [[ 4.92378106e+00  6.48544932e+00  2.50000000e-08]
 [ 4.92374320e+00 -6.48542058e+00  9.33140290e-09]
 [ 0.00000000e+00  4.99999990e-09  1.46657012e+00]]
forces: [[-0. -0.  0.]
 [ 0.  0.  0.]
 [-0. -0.  0.]]
stress: [-0.00010136 -0.00019064 -0.00093118 -0.         -0.          0.        ]
metadata: {'name': 73717}

id: 73719
name: EverythingWithUnary_EverythingMgAl_AllMinTrace
formula: AlMg2
volume/atom: 253.78077076642435
energy/atom: -0.7043231031866667
cell: Cell([[9.84879781, -12.97558007, 0.0], [9.84879781, 12.97558007, 0.0], [0.0, 0.0, 2.97879055]])
positions: [[ 4.92439891  6.48779003  0.        ]
 [ 4.92439891 -6.48779003  0.        ]
 [ 0.          0.          1.48939527]]
forces: [[-0.  0.  0.]
 [ 0.  0.  0.]
 [-0. -0.  0.]]
stress: [-9.00212854e-05 -1.71641500e-04 -1.68857162e-03  0.00000000e+00
  0.00000000e+00 -0.00000000e+00]
metadata: {'name': 73718}

id: 74849
name: EverythingWithUnary_EverythingMgAl_AllMinTrace
formula: AlMg2
volume/atom: 225.5865366705094
energy/atom: -0.7154932325633333
cell: Cell([[15.17943757, -1e-08, -1e-08], [-1e-08, 15.17943134, 1e-08], [0.0, 0.0, 2.93713054]])
positions: [[-4.99999800e-09  7.58971263e+00  4.99999800e-09]
 [ 7.58971575e+00 -4.99999800e-09 -4.99999800e-09]
 [ 0.00000000e+00  0.00000000e+00  1.46856216e+00]]
forces: [[ 0.  0.  0.]
 [-0.  0.  0.]
 [ 0.  0.  0.]]
stress: [-0.00023177 -0.00023177 -0.00125874 -0.          0.          0.        ]
metadata: {'name': 74848}

id: 75588
name: EverythingWithUnary_EverythingMgAl_AllMinTrace
formula: AlMg3
volume/atom: 212.53953286181758
energy/atom: -0.58810900908
cell: Cell([[18.20669664, -2.41e-05, 1e-08], [-9.10336919, 15.76745674, -1e-08], [0.0, 0.0, 2.96146934]])
positions: [[ 9.10334832e+00 -1.20500000e-05  5.00000000e-09]
 [-4.55168460e+00  7.88372837e+00 -5.00000000e-09]
 [ 4.55166373e+00  7.88371632e+00  0.00000000e+00]
 [ 0.00000000e+00  0.00000000e+00  0.00000000e+00]]
forces: [[-0.  0. -0.]
 [-0.  0.  0.]
 [ 0.  0. -0.]
 [-0.  0. -0.]]
stress: [-0.00010494 -0.00010494 -0.00051873  0.         -0.          0.        ]
metadata: {'name': 75587}

id: 75589
name: EverythingWithUnary_EverythingMgAl_AllMinTrace
formula: AlMg3
volume/atom: 214.77105259228676
energy/atom: -0.5864099933275
cell: Cell([[18.21193102, -1.568e-05, 1e-08], [-9.10597909, 15.77199162, -1e-08], [0.0, 0.0, 2.99084164]])
positions: [[ 9.10596551e+00 -7.84000000e-06  5.00000000e-09]
 [-4.55298954e+00  7.88599581e+00 -5.00000000e-09]
 [ 4.55297597e+00  7.88598797e+00  0.00000000e+00]
 [ 0.00000000e+00  0.00000000e+00  0.00000000e+00]]
forces: [[ 0.  0.  0.]
 [-0.  0.  0.]
 [ 0.  0.  0.]
 [ 0.  0.  0.]]
stress: [-9.97330735e-05 -9.97330735e-05 -1.07295910e-03  0.00000000e+00
 -0.00000000e+00  0.00000000e+00]
metadata: {'name': 75588}

id: 75590
name: EverythingWithUnary_EverythingMgAl_AllMinTrace
formula: AlMg3
volume/atom: 218.9309769480045
energy/atom: -0.580325746315
cell: Cell([[18.2216734, 0.0, 0.0], [-9.1108367, 15.78043206, 0.0], [0.0, 0.0, 3.0455102]])
positions: [[ 9.1108367   0.          0.        ]
 [-4.55541835  7.89021603  0.        ]
 [ 4.55541835  7.89021603  0.        ]
 [ 0.          0.          0.        ]]
forces: [[-0.  0.  0.]
 [ 0.  0.  0.]
 [-0.  0.  0.]
 [-0.  0.  0.]]
stress: [-8.23754368e-05 -8.23754368e-05 -2.00482889e-03  0.00000000e+00
  0.00000000e+00  0.00000000e+00]
metadata: {'name': 75589}

id: 75598
name: EverythingWithUnary_EverythingMgAl_AllMinTrace
formula: AlMg4
volume/atom: 209.6662412961178
energy/atom: -0.519714533742
cell: Cell([[18.65815789, -4.6e-07, -4.98e-06], [-4.6e-07, 18.65816188, 1.55e-06], [-8.1e-07, 2.5e-07, 3.01134763]])
positions: [[ 6.01642722e+00  1.86581612e+01 -5.58289843e-08]
 [ 1.26417300e+01  6.14928228e-08 -3.37417098e-06]
 [ 6.14927154e-08  1.26417338e+01  1.05019378e-06]
 [ 1.86581574e+01  6.01642776e+00 -4.45008029e-06]
 [ 9.32907890e+00  9.32908071e+00 -1.71500005e-06]]
forces: [[ 0.01059785 -0.         -0.        ]
 [-0.01059785  0.          0.        ]
 [ 0.         -0.01059785 -0.        ]
 [-0.          0.01059785  0.        ]
 [-0.         -0.         -0.        ]]
stress: [-0.00012462 -0.00012462 -0.00120692 -0.          0.          0.        ]
metadata: {'name': 75597}

id: 75599
name: EverythingWithUnary_EverythingMgAl_AllMinTrace
formula: AlMg4
volume/atom: 212.52979657263123
energy/atom: -0.516041645534
cell: Cell([18.67872557, 18.67872557, 3.04575768])
positions: [[ 6.02286241  0.          0.        ]
 [12.65586316  0.          0.        ]
 [ 0.         12.65586316  0.        ]
 [ 0.          6.02286241  0.        ]
 [ 9.33936279  9.33936279  0.        ]]
forces: [[ 0.00875031 -0.          0.        ]
 [-0.00875031  0.         -0.        ]
 [-0.         -0.00875031  0.        ]
 [ 0.          0.00875031 -0.        ]
 [-0.          0.         -0.        ]]
stress: [-0.00010673 -0.00010673 -0.00180469  0.         -0.          0.        ]
metadata: {'name': 75598}

id: 75649
name: EverythingWithUnary_EverythingMgAl_AllMinTrace
formula: AlMg2
volume/atom: 249.771921700686
energy/atom: -0.7094946570666667
cell: Cell([[9.84748751, -12.97084516, -4e-08], [9.84756315, 12.97090258, 5e-08], [0.0, 1e-08, 2.93317876]])
positions: [[ 4.92378157e+00  6.48545129e+00  2.50000000e-08]
 [ 4.92374376e+00 -6.48542258e+00  9.33178760e-09]
 [ 0.00000000e+00  4.99999990e-09  1.46658935e+00]]
forces: [[-0. -0.  0.]
 [ 0.  0.  0.]
 [-0.  0.  0.]]
stress: [-0.0001015  -0.00019084 -0.00093208 -0.         -0.          0.        ]
metadata: {'name': 75648}

id: 75650
name: EverythingWithUnary_EverythingMgAl_AllMinTrace
formula: AlMg2
volume/atom: 249.6898921384064
energy/atom: -0.7095683730033334
cell: Cell([[9.84746068, -12.97074823, -4e-08], [9.84753787, 12.97080682, 5e-08], [0.0, 1e-08, 2.93224499]])
positions: [[ 4.92376894e+00  6.48540341e+00  2.50000000e-08]
 [ 4.92373034e+00 -6.48537411e+00  9.32244990e-09]
 [ 0.00000000e+00  4.99999990e-09  1.46612247e+00]]
forces: [[-0. -0.  0.]
 [ 0.  0.  0.]
 [-0. -0.  0.]]
stress: [-0.00010177 -0.00019119 -0.00091395 -0.         -0.          0.        ]
metadata: {'name': 75649}

id: 75720
name: EverythingWithUnary_EverythingMgAl_AllMinTrace
formula: AlMg2
volume/atom: 249.7552199851598
energy/atom: -0.70950978135
cell: Cell([[9.84748205, -12.97082543, -4e-08], [9.847558, 12.97088308, 5e-08], [0.0, 1e-08, 2.93298864]])
positions: [[ 4.92377900e+00  6.48544154e+00  2.50000000e-08]
 [ 4.92374102e+00 -6.48541271e+00  9.32988640e-09]
 [ 0.00000000e+00  4.99999990e-09  1.46649429e+00]]
forces: [[-0. -0.  0.]
 [ 0.  0.  0.]
 [ 0. -0.  0.]]
stress: [-0.00010154 -0.0001909  -0.00092841 -0.         -0.          0.        ]
metadata: {'name': 75719}

id: 75721
name: EverythingWithUnary_EverythingMgAl_AllMinTrace
formula: AlMg2
volume/atom: 249.77844014013817
energy/atom: -0.7094887373333334
cell: Cell([[9.84748964, -12.97085287, -4e-08], [9.84756516, 12.97091019, 5e-08], [0.0, 1e-08, 2.93325296]])
positions: [[ 4.92378258e+00  6.48545509e+00  2.50000000e-08]
 [ 4.92374482e+00 -6.48542643e+00  9.33252960e-09]
 [ 0.00000000e+00  4.99999990e-09  1.46662645e+00]]
forces: [[-0. -0.  0.]
 [ 0.  0.  0.]
 [-0. -0.  0.]]
stress: [-0.00010147 -0.00019081 -0.00093352 -0.         -0.          0.        ]
metadata: {'name': 75720}

id: 75722
name: EverythingWithUnary_EverythingMgAl_AllMinTrace
formula: AlMg2
volume/atom: 249.1180358055942
energy/atom: -0.7100414016033333
cell: Cell([[9.84727366, -12.97007242, -4e-08], [9.84736165, 12.9701392, 6e-08], [0.0, 1e-08, 2.92573484]])
positions: [[ 4.92368082e+00  6.48506960e+00  3.00000000e-08]
 [ 4.92363683e+00 -6.48503621e+00  9.25734840e-09]
 [ 0.00000000e+00  4.99999990e-09  1.46286739e+00]]
forces: [[ 0.  0.  0.]
 [ 0. -0.  0.]
 [ 0.  0.  0.]]
stress: [-0.0001031  -0.00019323 -0.00078332 -0.         -0.          0.        ]
metadata: {'name': 75721}

id: 76089
name: EverythingWithUnary_EverythingMgAl_AllMinTrace
formula: AlMg2
volume/atom: 217.32070872782955
energy/atom: -0.7180159438299999
cell: Cell([[14.91545167, -1.4e-07, -2.6e-07], [-1.4e-07, 14.91540688, 1.5e-07], [-5e-08, 3e-08, 2.93056159]])
positions: [[7.45773299e+00 9.92525802e-06 1.89068216e-01]
 [1.49154316e+01 7.45772284e+00 1.89068044e-01]
 [9.85131371e-06 1.49153869e+01 1.19513902e-01]]
forces: [[ 0.00e+00 -0.00e+00 -2.18e-06]
 [ 0.00e+00 -0.00e+00 -2.19e-06]
 [-0.00e+00  0.00e+00  4.37e-06]]
stress: [-0.00026576 -0.00026577 -0.00119685 -0.          0.          0.        ]
metadata: {'name': 76088}

id: 76220
name: EverythingWithUnary_EverythingMgAl_AllMinTrace
formula: AlMg3
volume/atom: 212.9738709323553
energy/atom: -0.587870439265
cell: Cell([[18.2077159, -2.246e-05, 1e-08], [-9.1038774, 15.76833979, -1e-08], [0.0, 0.0, 2.96718884]])
positions: [[ 9.10385795e+00 -1.12300000e-05  5.00000000e-09]
 [-4.55193870e+00  7.88416990e+00 -5.00000000e-09]
 [ 4.55191925e+00  7.88415867e+00  0.00000000e+00]
 [ 0.00000000e+00  0.00000000e+00  0.00000000e+00]]
forces: [[-0.  0.  0.]
 [ 0.  0.  0.]
 [ 0.  0.  0.]
 [-0.  0.  0.]]
stress: [-0.00010735 -0.00010735 -0.00063232  0.         -0.          0.        ]
metadata: {'name': 76219}

id: 76259
name: EverythingWithUnary_EverythingMgAl_AllMinTrace
formula: AlMg3
volume/atom: 202.65119608103396
energy/atom: -0.625780347625
cell: Cell([[12.03933223, 5e-08, -0.00038801], [1e-08, 2.97224481, 5e-08], [-1.0160467, 3.6e-07, 22.65284816]])
positions: [[ 6.01966610e+00  1.55020281e+00 -1.93525865e-04]
 [ 1.02961584e-01  1.22790449e+00  6.30040613e+00]
 [ 1.09203241e+01  1.22790470e+00  1.63520545e+01]
 [ 1.10232855e+01  7.50522482e-01  2.26524593e+01]]
forces: [[ 0.000000e+00  2.549000e-04  0.000000e+00]
 [-6.238000e-04  1.170000e-06 -4.020805e-02]
 [ 6.238000e-04  1.170000e-06  4.020805e-02]
 [-0.000000e+00 -2.572400e-04 -0.000000e+00]]
stress: [-6.07679565e-04 -1.47028733e-03 -6.27596220e-04 -0.00000000e+00
 -9.82413528e-06 -0.00000000e+00]
metadata: {'name': 76258}

id: 76339
name: EverythingWithUnary_EverythingMgAl_AllMinTrace
formula: Al2Mg4
volume/atom: 238.21225919529317
energy/atom: -0.6951943372549999
cell: Cell([[14.35481111, 1.77e-06, 1.66e-06], [4.21e-06, 34.13287123, 4.11e-06], [3.5e-07, 3.6e-07, 2.91705793]])
positions: [[3.05028389e-06 2.10649557e+01 2.57161663e+00]
 [7.17740716e+00 1.30679189e+01 1.11308710e+00]
 [7.17740837e+00 2.10649555e+01 1.80397637e+00]
 [1.65326455e-06 1.30679183e+01 3.45445670e-01]
 [4.55999979e-06 3.41328699e+01 2.91706201e+00]
 [7.17740994e+00 3.41328709e+01 1.45853390e+00]]
forces: [[-0.00000e+00 -1.39253e-03  3.92900e-05]
 [ 0.00000e+00  1.39253e-03  3.92900e-05]
 [-0.00000e+00 -1.39253e-03 -3.92900e-05]
 [ 0.00000e+00  1.39253e-03 -3.92900e-05]
 [ 0.00000e+00  0.00000e+00  0.00000e+00]
 [ 0.00000e+00  0.00000e+00  0.00000e+00]]
stress: [-2.81897757e-04 -6.34948718e-05 -7.00615635e-04 -0.00000000e+00
 -0.00000000e+00 -0.00000000e+00]
metadata: {'name': 76338}

id: 76340
name: EverythingWithUnary_EverythingMgAl_AllMinTrace
formula: Al2Mg4
volume/atom: 238.76732356675893
energy/atom: -0.6949116535200001
cell: Cell([[14.36157435, 1.72e-06, 1.67e-06], [4.1e-06, 34.14845251, 4.09e-06], [3.5e-07, 3.6e-07, 2.92114465]])
positions: [[2.98246697e-06 2.10745890e+01 2.57521424e+00]
 [7.18078873e+00 1.30738668e+01 1.11464141e+00]
 [7.18078992e+00 2.10745888e+01 1.80650873e+00]
 [1.61114905e-06 1.30738659e+01 3.45934791e-01]
 [4.44999979e-06 3.41484512e+01 2.92114871e+00]
 [7.18079145e+00 3.41484522e+01 1.46057725e+00]]
forces: [[-0.         -0.00128937  0.00010935]
 [ 0.          0.00128937  0.00010935]
 [-0.         -0.00128937 -0.00010935]
 [ 0.          0.00128937 -0.00010935]
 [ 0.         -0.          0.        ]
 [ 0.          0.         -0.        ]]
stress: [-2.78639690e-04 -6.25399209e-05 -7.66419865e-04 -0.00000000e+00
 -0.00000000e+00 -0.00000000e+00]
metadata: {'name': 76339}

id: 76359
name: EverythingWithUnary_EverythingMgAl_AllMinTrace
formula: Al2Mg4
volume/atom: 244.20501087594724
energy/atom: -0.7008079938449999
cell: Cell([[25.58933361, -2.6e-07, -0.00209331], [-3e-08, 2.92991492, -2e-08], [-4.20051073, -1e-07, 19.54337079]])
positions: [[12.99736356  2.25242814 10.82208173]
 [15.0976157   0.67748641  1.05039479]
 [-3.37048108  1.15753597 18.88171396]
 [-1.27022503  1.77237879  9.11002895]
 [ 7.38211677  1.47314459  3.91306084]
 [ 5.28186253  1.45677004 13.68474936]]
forces: [[-9.73322e-03 -5.83000e-06 -9.76540e-04]
 [-9.73322e-03  5.83000e-06 -9.76540e-04]
 [ 9.21263e-03 -2.52200e-05  3.99428e-03]
 [ 9.21263e-03  2.52200e-05  3.99428e-03]
 [ 5.20590e-04 -3.24000e-05 -3.01774e-03]
 [ 5.20590e-04  3.24000e-05 -3.01774e-03]]
stress: [-1.82707695e-04 -7.56477141e-04 -2.53405268e-05  0.00000000e+00
 -4.48140352e-05  0.00000000e+00]
metadata: {'name': 76358}

id: 76360
name: EverythingWithUnary_EverythingMgAl_AllMinTrace
formula: Al2Mg4
volume/atom: 243.61608102465664
energy/atom: -0.7012059413066667
cell: Cell([[25.58799091, -2.9e-07, -0.00232023], [-3e-08, 2.92307869, -2e-08], [-4.20046367, -1.1e-07, 19.54289833]])
positions: [[12.99657769  2.2471724  10.821684  ]
 [15.09680603  0.67590588  1.05023328]
 [-3.3704641   1.15483447 18.8812553 ]
 [-1.27023158  1.76824405  9.10980652]
 [ 7.38169478  1.46970728  3.91288939]
 [ 5.28146428  1.4533711  13.68434188]]
forces: [[-9.77137e-03  1.03500e-05 -9.82970e-04]
 [-9.77137e-03 -1.03500e-05 -9.82970e-04]
 [ 9.25012e-03  4.38400e-05  3.99658e-03]
 [ 9.25012e-03 -4.38400e-05  3.99658e-03]
 [ 5.21240e-04 -4.95000e-06 -3.01362e-03]
 [ 5.21240e-04  4.95000e-06 -3.01362e-03]]
stress: [-1.84099552e-04 -6.32189971e-04 -2.60395759e-05  0.00000000e+00
 -4.50137634e-05  0.00000000e+00]
metadata: {'name': 76359}

id: 76361
name: EverythingWithUnary_EverythingMgAl_AllMinTrace
formula: Al2Mg4
volume/atom: 247.9128100540373
energy/atom: -0.6944662325683333
cell: Cell([[3.01163581, 0.0, 0.0], [0.0, 22.98894738, 0.0], [-0.73886856, 0.0, 21.48466962]])
positions: [[-0.36943428  0.         10.74233481]
 [ 0.          0.          0.        ]
 [ 1.13638363  8.09251891 10.74233481]
 [ 1.13638363 14.89642847 10.74233481]
 [ 1.20729555 11.49447369 17.28664639]
 [ 1.0654717  11.49447369  4.19802323]]
forces: [[-0.          0.          0.        ]
 [-0.          0.          0.        ]
 [-0.          0.0119749   0.        ]
 [-0.         -0.0119749  -0.        ]
 [-0.00013383  0.         -0.02024847]
 [ 0.00013383 -0.          0.02024847]]
stress: [-2.12912854e-03 -1.06611216e-04 -1.71310700e-04  0.00000000e+00
  1.87245272e-08  0.00000000e+00]
metadata: {'name': 76360}

id: 85828
name: EverythingWithUnary_EverythingMgAl_VolMinTrace
formula: Al2Mg2
volume/atom: 206.5232892997363
energy/atom: -1.74294584396
cell: Cell([[3.15101896, 0.0, 0.0], [-1.57550948, 2.72886247, 0.0], [0.0, 0.0, 96.0718956]])
positions: [[ 0.         0.         0.       ]
 [ 0.         0.        48.0359478]
 [ 0.         0.        76.2601299]
 [ 0.         0.        19.8117657]]
forces: [[ 0.          0.          0.        ]
 [ 0.          0.          0.        ]
 [-0.          0.         -0.00020697]
 [-0.         -0.          0.00020697]]
stress: [-6.34817646e-03 -6.34817646e-03 -1.09226409e-06 -0.00000000e+00
  0.00000000e+00  0.00000000e+00]
metadata: {'name': 85827}

id: 85861
name: EverythingWithUnary_EverythingMgAl_VolMinTrace
formula: Al2Mg2
volume/atom: 204.38699433012988
energy/atom: -1.649089269825
cell: Cell([[3.25574266, 0.0, 0.0], [-1.62787133, 2.81955585, 0.0], [0.0, 0.0, 89.0599561]])
positions: [[ 0.          0.         66.46851157]
 [ 0.          0.         22.59144453]
 [ 0.          0.         76.02564322]
 [ 0.          0.         13.03431288]]
forces: [[-0.          0.          0.00072998]
 [ 0.         -0.         -0.00072998]
 [ 0.          0.         -0.00046635]
 [-0.         -0.          0.00046635]]
stress: [-0.00756467 -0.00756467  0.00017032  0.          0.          0.        ]
metadata: {'name': 85860}

id: 88447
name: EverythingWithUnary_EverythingMgAl_VolMinTrace
formula: AlMg2
volume/atom: 228.02657174709347
energy/atom: -0.7120248402133332
cell: Cell([15.1934462, 15.1934462, 2.96342628])
positions: [[0.         7.5967231  0.        ]
 [7.5967231  0.         0.        ]
 [0.         0.         1.48171314]]
forces: [[0. 0. 0.]
 [0. 0. 0.]
 [0. 0. 0.]]
stress: [-0.00020784 -0.00020784 -0.0017838   0.          0.          0.        ]
metadata: {'name': 88446}

id: 88448
name: EverythingWithUnary_EverythingMgAl_VolMinTrace
formula: AlMg2
volume/atom: 208.50256189902794
energy/atom: -0.7210603731866666
cell: Cell([14.74681633, 14.74681633, 2.87631276])
positions: [[0.         7.37340816 0.        ]
 [7.37340816 0.         0.        ]
 [0.         0.         1.43815638]]
forces: [[0. 0. 0.]
 [0. 0. 0.]
 [0. 0. 0.]]
stress: [-0.00030784 -0.00030784  0.00047944 -0.          0.          0.        ]
metadata: {'name': 88447}

id: 88456
name: EverythingWithUnary_EverythingMgAl_VolMinTrace
formula: AlMg2
volume/atom: 221.00692837610916
energy/atom: -0.7140513467999999
cell: Cell([14.96714409, 14.96714409, 2.95971071])
positions: [[7.48357204 0.         0.1909233 ]
 [0.         7.48357204 0.1909233 ]
 [0.         0.         0.12075691]]
forces: [[-0.00e+00 -0.00e+00 -1.27e-06]
 [-0.00e+00  0.00e+00 -1.27e-06]
 [ 0.00e+00  0.00e+00  2.55e-06]]
stress: [-0.00023547 -0.00023547 -0.0018084  -0.          0.          0.        ]
metadata: {'name': 88455}

id: 88457
name: EverythingWithUnary_EverythingMgAl_VolMinTrace
formula: AlMg2
volume/atom: 202.66382791019524
energy/atom: -0.7229580143800001
cell: Cell([14.54104853, 14.54104853, 2.87545151])
positions: [[7.27052426 0.         0.18548796]
 [0.         7.27052426 0.18548796]
 [0.         0.         0.11731911]]
forces: [[-0.00e+00  0.00e+00  1.58e-06]
 [ 0.00e+00 -0.00e+00  1.58e-06]
 [-0.00e+00  0.00e+00 -3.16e-06]]
stress: [-0.0003456  -0.0003456   0.00049338 -0.          0.          0.        ]
metadata: {'name': 88456}

id: 88487
name: EverythingWithUnary_EverythingMgAl_VolMinTrace
formula: AlMg3
volume/atom: 213.06712250267643
energy/atom: -1.32345122223
cell: Cell([[3.14573599, 0.0, 0.0], [-1.572868, 2.72428728, 0.0], [0.0, 0.0, 99.44919186]])
positions: [[ 0.          0.          4.02976181]
 [ 0.          0.         41.80021979]
 [ 0.          0.         74.1984543 ]
 [ 0.          0.         64.83295992]]
forces: [[-0.0000e+00  0.0000e+00 -3.8500e-06]
 [ 0.0000e+00 -0.0000e+00  8.3250e-05]
 [-0.0000e+00 -0.0000e+00 -6.6915e-04]
 [ 0.0000e+00 -0.0000e+00  5.8975e-04]]
stress: [-4.11533277e-03 -4.11533277e-03 -1.31071691e-06  0.00000000e+00
 -0.00000000e+00  0.00000000e+00]
metadata: {'name': 88486}

id: 89167
name: EverythingWithUnary_EverythingMgAl_VolMinTrace
formula: AlMg2
volume/atom: 214.48679828953206
energy/atom: -0.7122824728366667
cell: Cell([[7.48353618, -14.93325114, 0.0], [7.48353618, 14.93325114, 0.0], [0.0, 0.0, 2.87892661]])
positions: [[  7.48353618  11.4797394    2.50459855]
 [  7.48353618 -11.4797394    2.50459855]
 [  7.48353618   0.           1.61199242]]
forces: [[ 0.000000e+00  1.209486e-02  1.575000e-05]
 [ 0.000000e+00 -1.209486e-02  1.575000e-05]
 [ 0.000000e+00  0.000000e+00 -3.150000e-05]]
stress: [-0.00023663 -0.00014792  0.00019874  0.          0.          0.        ]
metadata: {'name': 89166}

id: 90849
name: EverythingWithUnary_EverythingMgAl_VolMinTrace
formula: AlMg2
volume/atom: 230.834593078364
energy/atom: -0.7132648173599999
cell: Cell([[9.54253912, -12.57209081, 0.0], [9.54253912, 12.57209081, 0.0], [0.0, 0.0, 2.88616193]])
positions: [[ 4.77126956  6.28604541  0.        ]
 [ 4.77126956 -6.28604541  0.        ]
 [ 0.          0.          1.44308097]]
forces: [[-0. -0.  0.]
 [ 0.  0.  0.]
 [ 0. -0.  0.]]
stress: [-7.95168256e-06 -1.60625236e-04  1.51163108e-04  0.00000000e+00
  0.00000000e+00  0.00000000e+00]
metadata: {'name': 90848}

id: 91261
name: EverythingWithUnary_EverythingMgAl_VolMinTrace
formula: Al4Mg2
volume/atom: 213.1879108015684
energy/atom: -1.8022453148000002
cell: Cell([[131.00925828, 0.0, 0.0], [0.0, 1.67884502, 2.90784487], [0.0, -1.67884502, 2.90784487]])
positions: [[ 27.58473167   0.           1.93856131]
 [103.42452661   0.           1.93856131]
 [ 74.00618019   0.           1.93856131]
 [ 57.00307809   0.           1.93856131]
 [ 65.50462914   0.           0.        ]
 [  0.           0.           0.        ]]
forces: [[-0.00029353 -0.         -0.        ]
 [ 0.00029353 -0.         -0.        ]
 [-0.00143382  0.          0.        ]
 [ 0.00143382  0.          0.        ]
 [ 0.         -0.          0.        ]
 [ 0.          0.          0.        ]]
stress: [-1.51169350e-05 -8.80491558e-03 -8.80491558e-03 -0.00000000e+00
  0.00000000e+00 -0.00000000e+00]
metadata: {'name': 91260}

id: 91278
name: EverythingWithUnary_EverythingMgAl_VolMinTrace
formula: Al4Mg
volume/atom: 363.2526360602706
energy/atom: -1.855439669556
cell: Cell([[3.4822815, 0.0, 0.0], [-1.74114075, 3.01574424, 0.0], [0.0, 0.0, 172.94993228]])
positions: [[  0.           0.          87.41134993]
 [  0.           0.         128.16149129]
 [  0.           0.          41.05457475]
 [  0.           0.          26.12814986]
 [  0.           0.          15.36615181]]
forces: [[ 0.         -0.          0.00033269]
 [-0.          0.          0.00016387]
 [-0.         -0.         -0.00016268]
 [ 0.         -0.         -0.00076055]
 [ 0.         -0.          0.00042667]]
stress: [-5.62645829e-03 -5.62645829e-03  3.00216586e-06  0.00000000e+00
 -0.00000000e+00  0.00000000e+00]
metadata: {'name': 91277}

id: 91289
name: EverythingWithUnary_EverythingMgAl_VolMinTrace
formula: AlMg3
volume/atom: 216.19468807477384
energy/atom: -0.6086951406225
cell: Cell([[12.27295035, 0.0, 0.0], [0.0, 3.05319616, 0.0], [-1.03501888, 0.0, 23.07816774]])
positions: [[ 6.13647518  1.59240722  0.        ]
 [ 0.10517833  1.26134687  6.4194116 ]
 [11.13275314  1.26134687 16.65875614]
 [ 0.          0.77098052  0.        ]]
forces: [[ 0.000000e+00  1.559700e-04  0.000000e+00]
 [-5.605500e-04  2.212000e-05 -3.136801e-02]
 [ 5.605500e-04  2.212000e-05  3.136801e-02]
 [ 0.000000e+00 -2.002100e-04  0.000000e+00]]
stress: [-4.81382629e-04 -2.91865447e-03 -4.64380758e-04  0.00000000e+00
 -6.77827885e-06  0.00000000e+00]
metadata: {'name': 91288}

id: 91290
name: EverythingWithUnary_EverythingMgAl_VolMinTrace
formula: AlMg3
volume/atom: 205.87451003720906
energy/atom: -0.6207626099825
cell: Cell([[12.07447241, 0.0, 0.0], [0.0, 3.00381993, 0.0], [-1.01828057, 0.0, 22.70494802]])
positions: [[ 6.03723621  1.56665484  0.        ]
 [ 0.10347739  1.24094839  6.31559699]
 [10.95271445  1.24094839 16.38935103]
 [ 0.          0.75851223  0.        ]]
forces: [[ 0.000000e+00  2.708700e-04  0.000000e+00]
 [-7.428500e-04  9.490000e-06 -3.712691e-02]
 [ 7.428500e-04  9.490000e-06  3.712691e-02]
 [ 0.000000e+00 -2.898500e-04  0.000000e+00]]
stress: [-5.01230628e-04 -2.15459390e-03 -4.97267269e-04  0.00000000e+00
 -9.04394665e-06  0.00000000e+00]
metadata: {'name': 91289}

id: 91315
name: EverythingWithUnary_EverythingMgAl_VolMinTrace
formula: Al4Mg2
volume/atom: 234.28026126620045
energy/atom: -1.9520245095333333
cell: Cell([[3.22066223, 0.0, 0.0], [0.0, 156.48256553, 0.0], [-1.61033111, 0.0, 2.78917531]])
positions: [[ 1.61033268e+00  1.00320746e+02  9.29724146e-01]
 [ 1.61033268e+00  1.34403102e+02  9.29724146e-01]
 [-1.55868785e-06  5.61618197e+01  1.85945116e+00]
 [-1.55868785e-06  2.20794631e+01  1.85945116e+00]
 [ 1.61033268e+00  3.91206414e+01  9.29724146e-01]
 [-1.55868785e-06  1.17361924e+02  1.85945116e+00]]
forces: [[ 0.          0.00012425 -0.        ]
 [ 0.         -0.00012425 -0.        ]
 [-0.         -0.00012425  0.        ]
 [-0.          0.00012425  0.        ]
 [-0.          0.         -0.        ]
 [-0.          0.         -0.        ]]
stress: [-7.32766272e-03  6.06612267e-05 -7.32766272e-03 -0.00000000e+00
 -0.00000000e+00  0.00000000e+00]
metadata: {'name': 91314}

