rank: 1
row_index: 43479
name: EverythingWithUnary_EverythingMg_Spg_1_to_10_all_int_min_stretch_hydro_0_8_structure_2461
formula: Mg4
number_of_atoms: 4
energy: 27.3465900461
max_abs_stress: 2.8166957524527545
stress_norm: 4.7958609420207035
stress: [2.81669575 2.77016297 2.7189528  0.         0.         0.        ]
cell: Cell([2.11238504, 2.98126625, 4.34171774])
positions: [[2.11236702e+00 1.49065990e+00 6.43001885e-01]
 [1.80186444e-05 1.49060635e+00 2.81386075e+00]
 [1.05617355e+00 2.98124082e+00 3.89929019e+00]
 [1.05621149e+00 2.54302011e-05 1.72843132e+00]]

rank: 2
row_index: 10228
name: EverythingWithUnary_EverythingAl_Al10VolMinAllMinRandom_structure_8148
formula: Al8
number_of_atoms: 8
energy: 10.7638648007
max_abs_stress: 2.540058195418403
stress_norm: 3.6961442608771113
stress: [ 2.5400582   2.04390061  1.68696295  0.41248194 -0.10866829 -0.06529103]
cell: Cell([[4.15972274, 0.00821755, 0.09779345], [0.00821749, 5.97036085, -0.12932038], [0.13097417, -0.17319804, 2.41042898]])
positions: [[ 1.10750972e+00  1.40799595e+00  1.19802426e+00]
 [ 3.19140468e+00  4.39738441e+00  1.18087781e+00]
 [ 0.00000000e+00  0.00000000e+00  0.00000000e+00]
 [ 2.08397012e+00  2.98928920e+00 -1.57634650e-02]
 [ 2.07986137e+00  4.10877500e-03  4.88967250e-02]
 [ 4.10874631e-03  2.98518042e+00 -6.46601659e-02]
 [ 1.11158089e+00  4.39322600e+00  1.13267257e+00]
 [ 3.18733351e+00  1.41215436e+00  1.24622946e+00]]

rank: 3
row_index: 43907
name: EverythingWithUnary_EverythingMg_Spg_1_to_10_all_int_min_stretch_hydro_0_8_structure_3222
formula: Mg8
number_of_atoms: 8
energy: 45.9051947439
max_abs_stress: 2.5027775993043107
stress_norm: 4.09497523881102
stress: [2.28099401 2.30260566 2.5027776  0.         0.         0.        ]
cell: Cell([5.00984013, 5.26330207, 2.20848805])
positions: [[2.50502763e+00 3.94747466e+00 1.69587474e+00]
 [2.50481250e+00 1.31582741e+00 1.69587474e+00]
 [1.25246184e+00 2.63176404e+00 5.91630715e-01]
 [3.75737829e+00 2.63153803e+00 5.91630715e-01]
 [1.07561268e-04 3.94747845e+00 1.69587474e+00]
 [5.00973257e+00 1.31582362e+00 1.69587474e+00]
 [3.75738190e+00 5.26318907e+00 5.91630715e-01]
 [1.25245823e+00 1.13003095e-04 5.91630715e-01]]

rank: 4
row_index: 88245
name: EverythingWithUnary_EverythingMgAl_VolMinTrace
formula: Al2Mg
number_of_atoms: 3
energy: 6.60104326054
max_abs_stress: 2.3847979171801694
stress_norm: 3.3475618398375158
stress: [1.66116061 1.66116061 2.38479792 0.         0.         0.        ]
cell: Cell([[-1.35462616, 1.35462616, 3.18300307], [1.35462616, -1.35462616, 3.18300307], [1.35462616, 1.35462616, -3.18300307]])
positions: [[0.         0.         4.29647758]
 [0.         0.         2.06952856]
 [0.         0.         0.        ]]

rank: 5
row_index: 11233
name: EverythingWithUnary_EverythingAl_Al10VolMinAllMinRandom_structure_4552
formula: Al2
number_of_atoms: 2
energy: 1.62895163678
max_abs_stress: 2.355481455436956
stress_norm: 3.3096849209344974
stress: [2.35548146 1.78701242 1.48130426 0.03331814 0.08278857 0.10040726]
cell: Cell([[2.08890006, -0.04968521, -0.0707775], [-0.04968521, 2.94370517, -0.00375455], [-0.0707775, -0.00375455, 2.51247105]])
positions: [[0.         0.         0.        ]
 [0.98421868 1.44513271 1.2189695 ]]

rank: 6
row_index: 90455
name: EverythingWithUnary_EverythingMgAl_VolMinTrace
formula: Al5Mg
number_of_atoms: 6
energy: 13.1032706054
max_abs_stress: 2.351579345103509
stress_norm: 3.5162624326816063
stress: [1.84853673 2.35157935 1.84853673 0.         0.         0.        ]
cell: Cell([[4.08918095, 0.0, 0.0], [0.0, 3.28741325, 0.0], [-2.04459047, 0.0, 3.54133459]])
positions: [[-2.04125714e-06  1.64370663e+00  2.36089084e+00]
 [ 2.04459252e+00  1.64370663e+00  1.18044375e+00]
 [ 2.04459048e+00  0.00000000e+00  0.00000000e+00]
 [-1.02229524e+00  0.00000000e+00  1.77066729e+00]
 [ 1.02229524e+00  0.00000000e+00  1.77066729e+00]
 [ 0.00000000e+00  1.64370663e+00  0.00000000e+00]]

rank: 7
row_index: 42751
name: EverythingWithUnary_EverythingMg_Spg_1_to_10_all_int_min_stretch_hydro_0_8_structure_1492
formula: Mg4
number_of_atoms: 4
energy: 21.2139350923
max_abs_stress: 2.2637228023213423
stress_norm: 3.8614781147864172
stress: [ 2.21706519  2.2637228   2.20707822 -0.          0.          0.        ]
cell: Cell([3.43727977, 3.34522797, 2.58982355])
positions: [[1.71863988 1.67261398 1.29491178]
 [0.         0.         1.29491178]
 [0.         1.67261398 0.        ]
 [1.71863988 0.         0.        ]]

rank: 8
row_index: 7340
name: EverythingWithUnary_EverythingAl_Al10VolMinAllMinRandom_structure_8144
formula: Al8
number_of_atoms: 8
energy: 11.4475880858
max_abs_stress: 2.2233841289043705
stress_norm: 3.6683221558579726
stress: [ 2.06039754  2.22338413  2.01707699 -0.09760906  0.42324439  0.10319643]
cell: Cell([[2.52877462, -0.02039617, -0.2502008], [-0.02039601, 3.32680952, 0.23795539], [-0.12451403, 0.11842098, 6.97704487]])
positions: [[ 1.25418927e+00  1.65320671e+00 -6.12047235e-03]
 [ 1.19193233e+00  1.71241706e+00  3.48239749e+00]
 [-4.02524098e-08  1.04430904e-07  2.23741347e-06]
 [-6.22569752e-02  5.92104521e-02  3.48852020e+00]
 [-1.03560044e-01  1.75219813e+00  5.35044547e+00]
 [ 1.23328276e+00  1.93844126e-02  1.61781865e+00]
 [-4.13499766e-02  1.69303231e+00  1.86455513e+00]
 [ 1.17097782e+00  7.86404582e-02  5.10902508e+00]]

rank: 9
row_index: 7493
name: EverythingWithUnary_EverythingAl_Al10VolMinAllMinRandom_structure_8371
formula: Al8
number_of_atoms: 8
energy: -1.22059156556
max_abs_stress: 2.170961382116391
stress_norm: 2.552207004169042
stress: [1.00274393 0.88996698 2.17096138 0.0097799  0.02259985 0.05044055]
cell: Cell([[4.14852174, 0.10410961, -0.05311688], [0.10410959, 4.22594136, -0.02422374], [-0.02873713, -0.01310542, 4.01721899]])
positions: [[-7.18428020e-03 -3.27635395e-03  1.00430443e+00]
 [-2.15528495e-02 -9.82906592e-03  3.01291452e+00]
 [ 5.20539777e-02  2.11297031e+00 -1.19976203e-02]
 [ 2.04552456e+00  3.89497596e-02  3.99054574e+00]
 [ 3.76854050e-02  2.10641759e+00  1.99661296e+00]
 [ 2.05989313e+00  4.55024694e-02  1.98193628e+00]
 [ 2.11913138e+00  2.16174913e+00  9.65634156e-01]
 [ 2.10476282e+00  2.15519642e+00  2.97424425e+00]]

rank: 10
row_index: 44314
name: EverythingWithUnary_EverythingMg_Spg_1_to_10_all_int_min_stretch_hydro_0_8_structure_3848
formula: Mg8
number_of_atoms: 8
energy: 40.9557598942
max_abs_stress: 2.1478983007974355
stress_norm: 3.706634690863561
stress: [2.1478983  2.14641585 2.12569345 0.         0.         0.        ]
cell: Cell([3.242491, 3.27639928, 5.67649015])
positions: [[8.10622750e-01 8.19099820e-01 1.41912254e+00]
 [8.10622750e-01 8.19099820e-01 4.25736761e+00]
 [2.43186825e+00 2.45729946e+00 4.25736761e+00]
 [2.43186825e+00 2.45729946e+00 1.41912254e+00]
 [2.43186825e+00 8.19099820e-01 2.83824791e+00]
 [8.10622750e-01 2.45729946e+00 2.83824507e-06]
 [2.43186825e+00 8.19099820e-01 5.67648731e+00]
 [8.10622750e-01 2.45729946e+00 2.83824224e+00]]

rank: 11
row_index: 89654
name: EverythingWithUnary_EverythingMgAl_VolMinTrace
formula: Al3Mg3
number_of_atoms: 6
energy: 14.8647025725
max_abs_stress: 2.1475602294584424
stress_norm: 3.180650347762822
stress: [ 1.65899393e+00  1.65899392e+00  2.14756023e+00  0.00000000e+00
 -0.00000000e+00  6.24150907e-09]
cell: Cell([[2.30867624, 0.0, 0.0], [-1.15433811, 1.99937227, 0.0], [0.0, 0.0, 10.28938791]])
positions: [[ 0.00000000e+00  0.00000000e+00  5.14469396e+00]
 [ 1.15433924e+00  6.66456737e-01  8.57448639e+00]
 [-1.14767145e-06  1.33291547e+00  1.71490121e+00]
 [ 0.00000000e+00  0.00000000e+00  0.00000000e+00]
 [ 1.15433924e+00  6.66456737e-01  3.42979244e+00]
 [-1.14767145e-06  1.33291547e+00  6.85959516e+00]]

rank: 12
row_index: 87312
name: EverythingWithUnary_EverythingMgAl_VolMinTrace
formula: Al3Mg
number_of_atoms: 4
energy: 8.53550377389
max_abs_stress: 2.1255734963792983
stress_norm: 3.624122261280162
stress: [2.1255735  2.1255735  2.02438553 0.         0.         0.        ]
cell: Cell([3.2439691, 3.2439691, 2.82520022])
positions: [[1.62198455 1.62198455 0.2823022 ]
 [0.         1.62198455 1.64538   ]
 [1.62198455 0.         1.64538   ]
 [0.         0.         0.31614722]]

rank: 13
row_index: 43417
name: EverythingWithUnary_EverythingMg_Spg_1_to_10_all_int_min_stretch_hydro_0_8_structure_2372
formula: Mg4
number_of_atoms: 4
energy: 19.8416035997
max_abs_stress: 2.0835798868313553
stress_norm: 3.5959937354368767
stress: [2.0773505  2.06748173 2.08357989 0.         0.         0.        ]
cell: Cell([3.34276393, 2.88763106, 3.15546055])
positions: [[0.83575132 2.16575933 0.        ]
 [2.50701261 0.72187173 0.        ]
 [0.83564926 0.72195989 1.57773027]
 [2.50711467 2.16567117 1.57773027]]

rank: 14
row_index: 88211
name: EverythingWithUnary_EverythingMgAl_VolMinTrace
formula: Al2Mg
number_of_atoms: 3
energy: 3.52483727295
max_abs_stress: 2.0595524673944308
stress_norm: 2.64068013110492
stress: [ 1.16863921  1.16863921  2.05955247 -0.          0.          0.        ]
cell: Cell([[-1.43501644, 1.43501644, 3.12274298], [1.43501644, -1.43501644, 3.12274298], [1.43501644, 1.43501644, -3.12274298]])
positions: [[0.         0.         2.09580847]
 [0.         0.         4.14967749]
 [0.         0.         0.        ]]

rank: 15
row_index: 43882
name: EverythingWithUnary_EverythingMg_Spg_1_to_10_all_int_min_stretch_hydro_0_8_structure_3185
formula: Mg8
number_of_atoms: 8
energy: 35.7629497673
max_abs_stress: 2.0520978274092627
stress_norm: 3.2750245071220045
stress: [1.69997298 2.05209783 1.90388338 0.         0.         0.        ]
cell: Cell([3.8215, 2.24795353, 7.35269464])
positions: [[0.95537557 0.56201707 0.91906948]
 [2.86612443 1.68593646 0.91906948]
 [2.86612443 0.56201707 6.43362516]
 [0.95537557 1.68593646 6.43362516]
 [2.86612557 1.68599383 4.5954168 ]
 [0.95537443 0.5619597  4.5954168 ]
 [0.95537443 1.68599383 2.75727784]
 [2.86612557 0.5619597  2.75727784]]

rank: 16
row_index: 43385
name: EverythingWithUnary_EverythingMg_Spg_1_to_10_all_int_min_stretch_hydro_0_8_structure_2333
formula: Mg4
number_of_atoms: 4
energy: 19.0315480971
max_abs_stress: 2.021340781681206
stress_norm: 3.480791321590306
stress: [2.02134078 2.01532425 1.99212395 0.         0.         0.        ]
cell: Cell([3.26287003, 3.33080834, 2.83836817])
positions: [[2.44714985 2.49810849 0.        ]
 [0.81572018 0.83269985 0.        ]
 [0.81572018 2.49810849 1.41918408]
 [2.44714985 0.83269985 1.41918408]]

rank: 17
row_index: 8325
name: EverythingWithUnary_EverythingAl_Al10VolMinAllMinRandom_structure_9930
formula: Al8
number_of_atoms: 8
energy: 1.80568546233
max_abs_stress: 2.011184498251848
stress_norm: 2.5291072002885637
stress: [ 0.61892243  1.38616593  2.0111845  -0.10227042  0.05117986 -0.18417535]
cell: Cell([[9.47222929, -3.80712986, -0.51283325], [-0.73516588, 4.19166035, 0.06327705], [-0.2448452, 0.53064019, 1.92196177]])
positions: [[ 5.45949428 -1.70125063  0.82996701]
 [ 0.47609876  1.38589227  1.5805411 ]
 [ 7.82495316 -2.32368148 -0.01382589]
 [ 0.2327077   3.21434442  0.65257789]
 [ 5.21335736  0.13084284 -0.09965407]
 [ 2.84474931  0.75711648  0.74042244]
 [ 7.33191853  0.03749411  0.97949485]
 [ 2.35100734  3.11964298  1.73389386]]

rank: 18
row_index: 5600
name: EverythingWithUnary_EverythingAl_Al10VolMinAllMinRandom_structure_5136
formula: Al4
number_of_atoms: 4
energy: -1.90271789609
max_abs_stress: 1.993687956732612
stress_norm: 2.359475154724288
stress: [ 0.79617216  0.97750665  1.99368796  0.01903566  0.02175566 -0.04567611]
cell: Cell([[2.41986231, 0.03098479, 0.23175883], [0.02372092, 3.58250438, -0.01831343], [0.1287995, -0.01329534, 4.04193424]])
positions: [[0.04405601 1.78727107 1.00133025]
 [2.52832672 1.81292276 3.25404939]
 [1.21110919 0.01550751 0.11599228]
 [1.27315287 0.00882964 2.13673367]]

rank: 19
row_index: 7354
name: EverythingWithUnary_EverythingAl_Al10VolMinAllMinRandom_structure_8165
formula: Al8
number_of_atoms: 8
energy: 7.29198595547
max_abs_stress: 1.9909953822011066
stress_norm: 3.3938156482393165
stress: [ 1.99099538  1.89245284  1.95620741  0.15189639 -0.22609727 -0.26758995]
cell: Cell([[2.9677982, 0.13534706, 0.14994525], [0.13534706, 3.25830328, -0.16973686], [0.09647033, -0.10920365, 6.29396578]])
positions: [[ 0.04823517 -0.05460182  3.14698289]
 [ 1.55157263  1.69682517 -0.0098958 ]
 [ 0.09179111  1.60185073  1.48862301]
 [ 1.50801668  0.04037262  1.64846407]
 [ 1.55625185 -0.01422921  4.79544696]
 [ 0.14002628  1.5472489   4.6356059 ]
 [ 0.          0.          0.        ]
 [ 1.59980779  1.64222334  3.13708708]]

rank: 20
row_index: 4567
name: EverythingWithUnary_EverythingAl_Al10VolMinAllMinRandom_structure_3824
formula: Al2
number_of_atoms: 2
energy: -1.1218959737
max_abs_stress: 1.985782236645157
stress_norm: 2.3178006322024016
stress: [ 0.91936773  1.98578224  0.749439   -0.00847191  0.14024277 -0.04725497]
cell: Cell([[3.56057474, 0.06576854, -0.12383675], [0.05871217, 2.02284027, 0.01162955], [-0.07988736, 0.00840367, 2.47442789]])
positions: [[0.03447021 1.51838895 0.30518343]
 [1.74544313 0.54355111 1.47466133]]

rank: 21
row_index: 11105
name: EverythingWithUnary_EverythingAl_Al10VolMinAllMinRandom_structure_4048
formula: Al2
number_of_atoms: 2
energy: 1.47651963453
max_abs_stress: 1.9217861092416222
stress_norm: 3.2012810591734358
stress: [ 1.77829848  1.92178611  1.78988349 -0.27674624  0.33398113 -0.02789842]
cell: Cell([[2.39530051, -0.02560076, -0.14729637], [-0.02560077, 2.29742551, 0.13268069], [-0.08598037, 0.07744873, 2.80434658]])
positions: [[-0.01280038  1.14871273  0.06634034]
 [ 1.15466007  0.02592401  1.32852511]]

rank: 22
row_index: 90400
name: EverythingWithUnary_EverythingMgAl_VolMinTrace
formula: Al5Mg
number_of_atoms: 6
energy: 8.24775270803
max_abs_stress: 1.9137252065140602
stress_norm: 2.7109786418427335
stress: [ 1.91372521  0.15721598  1.91372521  0.          0.         -0.        ]
cell: Cell([[3.55485819, 0.0, 0.0], [0.0, 5.45204893, 0.0], [-1.77742909, 0.0, 3.0785975]])
positions: [[ 0.00000000e+00  2.72602447e+00  0.00000000e+00]
 [-1.77409576e-06  2.72602447e+00  2.05239930e+00]
 [ 1.77743087e+00  2.72602447e+00  1.02619820e+00]
 [-1.77409576e-06  0.00000000e+00  2.05239930e+00]
 [ 1.77743087e+00  0.00000000e+00  1.02619820e+00]
 [ 0.00000000e+00  0.00000000e+00  0.00000000e+00]]

rank: 23
row_index: 6259
name: EverythingWithUnary_EverythingAl_Al10VolMinAllMinRandom_structure_6273
formula: Al6
number_of_atoms: 6
energy: 0.793925432262
max_abs_stress: 1.9093827951644973
stress_norm: 2.581522612015913
stress: [ 1.44833177  1.9093828   0.88145638 -0.05852149 -0.28148133  0.24744611]
cell: Cell([[4.58107777, -0.09781484, 0.98298195], [-0.09519452, 3.10687622, -0.0129726], [1.2048716, 0.00545621, 3.79924372]])
positions: [[2.04743403 0.75724979 3.53898673]
 [1.39724606 2.31301586 1.63285746]
 [2.77118414 0.72231051 1.33398471]
 [3.32594755 2.28092899 3.22711003]
 [4.0503488  2.24006212 1.02181209]
 [4.70017438 0.69612374 2.92789197]]

rank: 24
row_index: 42164
name: EverythingWithUnary_EverythingMg_Spg_1_to_10_all_int_min_stretch_hydro_0_8_structure_742
formula: Mg2
number_of_atoms: 2
energy: 8.63867872744
max_abs_stress: 1.8902873849903017
stress_norm: 3.1887797643359024
stress: [1.83408157 1.89028738 1.79757469 0.         0.         0.        ]
cell: Cell([3.04190103, 2.25152932, 2.32061446])
positions: [[0.         0.         0.        ]
 [1.52095052 1.12576466 1.16030723]]

rank: 25
row_index: 44090
name: EverythingWithUnary_EverythingMg_Spg_1_to_10_all_int_min_stretch_hydro_0_8_structure_3505
formula: Mg8
number_of_atoms: 8
energy: 33.6557015216
max_abs_stress: 1.866907640708477
stress_norm: 3.101314793231091
stress: [1.8108033  1.86690764 1.68931961 0.         0.         0.        ]
cell: Cell([2.75137699, 3.19433215, 7.29751093])
positions: [[0.         0.79858304 0.91218887]
 [1.37568849 2.39574911 4.56094433]
 [0.         2.39574911 2.7365666 ]
 [1.37568849 0.79858304 6.38532206]
 [0.         2.39574911 6.38532206]
 [1.37568849 0.79858304 2.7365666 ]
 [0.         0.79858304 4.56094433]
 [1.37568849 2.39574911 0.91218887]]

rank: 26
row_index: 44952
name: EverythingWithUnary_EverythingMg_Spg_1_to_10_all_int_min_stretch_hydro_0_8_structure_3563
formula: Mg8
number_of_atoms: 8
energy: 33.9553776886
max_abs_stress: 1.8566525666734959
stress_norm: 3.1582750347485478
stress: [ 1.80913654  1.85665257  1.80404196  0.          0.         -0.        ]
cell: Cell([4.72896875, 4.64136851, 2.90941047])
positions: [[0.         0.         1.45470524]
 [2.36448437 2.32068426 1.45470524]
 [0.         2.32068426 1.45470524]
 [2.36448437 0.         1.45470524]
 [1.18225921 3.48104309 0.        ]
 [3.54670954 1.16032542 0.        ]
 [1.18222516 1.16035884 0.        ]
 [3.54674359 3.48100967 0.        ]]

rank: 27
row_index: 7077
name: EverythingWithUnary_EverythingAl_Al10VolMinAllMinRandom_structure_7731
formula: Al8
number_of_atoms: 8
energy: 0.451852103216
max_abs_stress: 1.8400909158324181
stress_norm: 2.6741075902260483
stress: [ 1.34847473  1.39019299  1.84009092  0.01938326  0.04331633 -0.10790812]
cell: Cell([[4.24386198, 0.06166652, -0.03576221], [0.17976263, 2.20422549, -0.10855542], [-0.06220077, -0.06477159, 6.98911716]])
positions: [[ 4.34446045  1.46967414  1.64137708]
 [ 0.01696341  0.7314465   5.20342265]
 [ 2.13264747  0.3367178   1.71353633]
 [ 2.22877631  1.86440193  5.13126337]
 [ 1.11850051  2.15399823  6.87212668]
 [ 3.21182291  0.0147365   3.46723157]
 [ 3.21275269  1.14749082 -0.08059301]
 [ 1.17977153  1.08601573  3.43083338]]

rank: 28
row_index: 8331
name: EverythingWithUnary_EverythingAl_Al10VolMinAllMinRandom_structure_9941
formula: Al8
number_of_atoms: 8
energy: -4.60684707352
max_abs_stress: 1.824530490427937
stress_norm: 2.2554366713784493
stress: [ 1.82453049  1.00009009  0.81734805 -0.13091954  0.25055696  0.09963099]
cell: Cell([[3.90897107, 0.86897768, 0.8840963], [3.21998728, 9.07788751, -0.35278119], [0.64347806, 0.02047224, 2.34979935]])
positions: [[4.51906528 9.30312472 1.03503275]
 [3.25336804 0.66422316 1.84611516]
 [4.86356155 5.19865005 1.65339741]
 [2.90887225 4.76869815 1.22775135]
 [2.10397842 2.4969735  1.30780691]
 [4.05847015 2.93140011 1.74962825]
 [5.66846096 7.47036185 1.57331873]
 [3.71396906 7.03591829 1.1314073 ]]

rank: 29
row_index: 88380
name: EverythingWithUnary_EverythingMgAl_VolMinTrace
formula: Al5Mg
number_of_atoms: 6
energy: 5.74772234765
max_abs_stress: 1.8070385301763616
stress_norm: 2.762732032700693
stress: [1.80703852 1.80703853 1.04971987 0.         0.         0.        ]
cell: Cell([[2.8955136, -1.67172556, 0.0], [2.8955136, 1.67172556, 0.0], [0.0, 0.0, 5.16157532]])
positions: [[ 0.00000000e+00  0.00000000e+00  0.00000000e+00]
 [ 1.93034050e+00 -5.01517667e-08  3.68898789e+00]
 [ 3.86068670e+00 -5.01517667e-08  1.47258743e+00]
 [ 1.93034050e+00 -5.01517667e-08  8.20332004e-01]
 [ 3.86068670e+00 -5.01517667e-08  4.34124332e+00]
 [ 0.00000000e+00  0.00000000e+00  2.58078766e+00]]

rank: 30
row_index: 86841
name: EverythingWithUnary_EverythingMgAl_VolMinTrace
formula: AlMg2
number_of_atoms: 3
energy: 8.54491040847
max_abs_stress: 1.7885032267849579
stress_norm: 3.0544608502846926
stress: [1.78850323 1.78850323 1.71237949 0.         0.         0.        ]
cell: Cell([[-1.07006086, 1.07006086, 5.2393543], [1.07006086, -1.07006086, 5.2393543], [1.07006086, 1.07006086, -5.2393543]])
positions: [[0.         0.         6.93720143]
 [0.         0.         3.54150717]
 [0.         0.         0.        ]]

rank: 31
row_index: 42595
name: EverythingWithUnary_EverythingMg_Spg_1_to_10_all_int_min_stretch_hydro_0_8_structure_1305
formula: Mg4
number_of_atoms: 4
energy: 16.376050501
max_abs_stress: 1.7712411038635232
stress_norm: 3.0497281254628725
stress: [1.74618531 1.76476158 1.7712411  0.         0.         0.        ]
cell: Cell([3.4478725, 3.02332414, 3.09655794])
positions: [[1.72393625 1.51166207 1.54827897]
 [1.72393625 0.         0.        ]
 [0.         1.51166207 0.        ]
 [0.         0.         1.54827897]]

rank: 32
row_index: 86588
name: EverythingWithUnary_EverythingMgAl_VolMinTrace
formula: AlMg2
number_of_atoms: 3
energy: 6.8153027125
max_abs_stress: 1.7384525031054612
stress_norm: 2.5818598199565677
stress: [1.34977462 1.34977462 1.7384525  0.         0.         0.        ]
cell: Cell([[-1.37155542, 1.37155542, 3.3997983], [1.37155542, -1.37155542, 3.3997983], [1.37155542, 1.37155542, -3.3997983]])
positions: [[0.         0.         2.16285064]
 [0.         0.         4.63674596]
 [0.         0.         0.        ]]

rank: 33
row_index: 87895
name: EverythingWithUnary_EverythingMgAl_VolMinTrace
formula: Al2Mg
number_of_atoms: 3
energy: 4.03181113483
max_abs_stress: 1.7266247685121223
stress_norm: 2.8265853086381045
stress: [1.58245875 1.58245875 1.72662477 0.         0.         0.        ]
cell: Cell([[-1.29608081, 1.29608081, 3.59257772], [1.29608081, -1.29608081, 3.59257772], [1.29608081, 1.29608081, -3.59257772]])
positions: [[0.         0.         5.97568757]
 [0.         0.         1.20946787]
 [0.         0.         3.59257772]]

rank: 34
row_index: 42397
name: EverythingWithUnary_EverythingMg_Spg_1_to_10_all_int_min_stretch_hydro_0_8_structure_1036
formula: Mg2
number_of_atoms: 2
energy: 7.13105049461
max_abs_stress: 1.7180775523635505
stress_norm: 2.7208795187388053
stress: [1.36917118 1.71807755 1.60406915 0.         0.06105186 0.        ]
cell: Cell([[2.3213123, 0.0, 0.43951522], [0.0, 3.41955715, 0.0], [1.05431462, 0.0, 2.32105791]])
positions: [[1.68781346 0.         1.38028657]
 [1.16065615 1.70977858 0.21975761]]

rank: 35
row_index: 89917
name: EverythingWithUnary_EverythingMgAl_VolMinTrace
formula: Al4Mg2
number_of_atoms: 6
energy: 6.12884063155
max_abs_stress: 1.7013021797687609
stress_norm: 2.519049437007152
stress: [1.70130218 1.3002304  1.32686919 0.         0.         0.        ]
cell: Cell([2.12336465, 4.13417917, 5.82608393])
positions: [[1.58899494 0.94382343 0.94558968]
 [0.53436971 3.19035574 0.94558968]
 [1.59605203 3.01091302 4.88049425]
 [0.52731262 1.12326615 4.88049425]
 [0.         2.06708959 2.93525647]
 [1.06168233 0.         2.89082746]]

rank: 36
row_index: 90522
name: EverythingWithUnary_EverythingMgAl_VolMinTrace
formula: Al5Mg
number_of_atoms: 6
energy: 3.26786580608
max_abs_stress: 1.6894250498726104
stress_norm: 2.2560119747904883
stress: [ 1.05722113  1.05722113  1.68942505  0.          0.         -0.        ]
cell: Cell([[2.30006909, -3.98383652, 0.0], [2.30006909, 3.98383652, 0.0], [0.0, 0.0, 2.95762672]])
positions: [[ 2.30006902  1.32794812  0.2867504 ]
 [ 2.30006902 -1.32794812  0.2867504 ]
 [ 0.85525468 -1.48134455  1.82688051]
 [ 0.85525468  1.48134455  1.82688051]
 [ 2.88962883  0.          1.82688051]
 [ 0.          0.          0.35401703]]

rank: 37
row_index: 5543
name: EverythingWithUnary_EverythingAl_Al10VolMinAllMinRandom_structure_5033
formula: Al3
number_of_atoms: 3
energy: 0.460147643825
max_abs_stress: 1.6862620028701252
stress_norm: 2.1623688334600746
stress: [ 1.25896005  0.49632053  1.686262    0.00406349 -0.02785783  0.01588626]
cell: Cell([[3.52363739, 0.08270711, 0.02413842], [0.08270711, 4.2037481, 0.07052407], [0.02413842, 0.07052407, 2.08091106]])
positions: [[0.05342276 2.13713609 1.07571756]
 [1.77388791 0.07661559 1.05252474]
 [1.80317225 2.14322761 0.04733124]]

rank: 38
row_index: 43338
name: EverythingWithUnary_EverythingMg_Spg_1_to_10_all_int_min_stretch_hydro_0_8_structure_2272
formula: Mg4
number_of_atoms: 4
energy: 14.3345029468
max_abs_stress: 1.673397578585631
stress_norm: 2.772864977071029
stress: [ 1.4876215   1.63569649  1.67339758 -0.          0.          0.        ]
cell: Cell([3.80128545, 3.6659036, 2.40143175])
positions: [[0.         0.         0.        ]
 [1.90064272 1.8329518  0.        ]
 [1.90064272 0.         1.20071587]
 [0.         1.8329518  1.20071587]]

rank: 39
row_index: 88072
name: EverythingWithUnary_EverythingMgAl_VolMinTrace
formula: Al2Mg
number_of_atoms: 3
energy: 2.42348376462
max_abs_stress: 1.6643381342703742
stress_norm: 2.4207090099991464
stress: [ 1.24294221  1.24294221  1.66433813 -0.          0.          0.        ]
cell: Cell([[-1.38136176, 1.38136176, 3.38325673], [1.38136176, -1.38136176, 3.38325673], [1.38136176, 1.38136176, -3.38325673]])
positions: [[0.         0.         6.45170372]
 [0.         0.         4.03047239]
 [0.         0.         1.85965531]]

rank: 40
row_index: 44560
name: EverythingWithUnary_EverythingMg_Spg_1_to_10_all_int_min_stretch_hydro_0_8_structure_4214
formula: Mg8
number_of_atoms: 8
energy: 29.2424402557
max_abs_stress: 1.620272212638173
stress_norm: 2.795839237265953
stress: [1.62027221 1.62024101 1.60195321 0.         0.         0.        ]
cell: Cell([3.29723842, 3.32889341, 6.06955387])
positions: [[0.00000000e+00 1.66444671e+00 0.00000000e+00]
 [0.00000000e+00 1.66444671e+00 3.03477694e+00]
 [1.64861921e+00 0.00000000e+00 0.00000000e+00]
 [1.64861921e+00 0.00000000e+00 3.03477694e+00]
 [0.00000000e+00 2.54660346e-05 1.51738847e+00]
 [0.00000000e+00 3.32886794e+00 4.55216540e+00]
 [1.64861921e+00 1.66447217e+00 1.51738847e+00]
 [1.64861921e+00 1.66442124e+00 4.55216540e+00]]

rank: 41
row_index: 42415
name: EverythingWithUnary_EverythingMg_Spg_1_to_10_all_int_min_stretch_hydro_0_8_structure_1065
formula: Mg3
number_of_atoms: 3
energy: 10.2531876103
max_abs_stress: 1.6163115070175393
stress_norm: 2.4106939718293834
stress: [ 1.20359614  1.31847158  1.61631151 -0.08478968 -0.05627664 -0.04018953]
cell: Cell([[2.60175909, 0.0, 0.0], [-1.22147011, 2.1156483, 0.0], [0.0, 0.0, 4.77183034]])
positions: [[0.         0.         1.91953904]
 [1.32735059 0.70521537 3.51014752]
 [0.05293835 1.41043286 0.32893047]]

rank: 42
row_index: 89476
name: EverythingWithUnary_EverythingMgAl_VolMinTrace
formula: Al3Mg
number_of_atoms: 4
energy: 0.398950332373
max_abs_stress: 1.6102801745200972
stress_norm: 2.177660570922726
stress: [ 1.03662995  1.03662995  1.61028017  0.         -0.          0.        ]
cell: Cell([2.85307008, 2.85307008, 4.38864559])
positions: [[1.42653504 1.42653504 0.        ]
 [0.         0.         3.33413402]
 [0.         0.         1.05451157]
 [1.42653504 1.42653504 2.1943228 ]]

rank: 43
row_index: 82424
name: EverythingWithUnary_EverythingMgAl_Strain
formula: Al4Mg
number_of_atoms: 5
energy: 6.12844565616
max_abs_stress: 1.5850626553404876
stress_norm: 2.632698391045547
stress: [ 1.58506266  1.55173302  1.41648526 -0.02553786  0.00852546  0.06038609]
cell: Cell([[3.00864444, -1.82910716, 0.13955225], [2.71709478, 1.66088166, -0.02674922], [0.08695657, -0.07367352, 4.38555869]])
positions: [[ 1.92268527 -0.06800492  0.7467739 ]
 [ 3.89001084 -0.17389482  3.75158782]
 [ 1.96556191 -0.10436736  2.91269278]
 [ 3.84713341 -0.13753084  1.58566889]
 [ 2.71709495  1.66088136 -0.02674916]]

rank: 44
row_index: 87185
name: EverythingWithUnary_EverythingMgAl_VolMinTrace
formula: Al3Mg
number_of_atoms: 4
energy: 4.34184399756
max_abs_stress: 1.582535224897571
stress_norm: 2.66633976773978
stress: [ 1.58253522  1.58253522  1.44932132  0.          0.         -0.        ]
cell: Cell([[4.25793894, 0.0, 0.0], [-2.12896947, 3.68748329, 0.0], [0.0, 0.0, 2.1366266]])
positions: [[ 2.12896947  0.          1.77245714]
 [-1.06448473  1.84374164  1.77245714]
 [ 1.06448473  1.84374164  1.77245714]
 [ 0.          0.          0.41059374]]

rank: 45
row_index: 90389
name: EverythingWithUnary_EverythingMgAl_VolMinTrace
formula: Al4Mg2
number_of_atoms: 6
energy: 13.3697276059
max_abs_stress: 1.56282729798889
stress_norm: 2.6977531340942487
stress: [1.5628273  1.5628273  1.54693686 0.         0.         0.        ]
cell: Cell([2.97226736, 2.97226736, 6.1252468])
positions: [[0.         0.         3.0626234 ]
 [1.48613368 1.48613368 0.        ]
 [1.48613368 1.48613368 3.0626234 ]
 [0.         0.         0.        ]
 [0.         1.48613368 4.53654552]
 [1.48613368 0.         1.58870128]]

rank: 46
row_index: 43878
name: EverythingWithUnary_EverythingMg_Spg_1_to_10_all_int_min_stretch_hydro_0_8_structure_3163
formula: Mg8
number_of_atoms: 8
energy: 24.3041317649
max_abs_stress: 1.5554998349926137
stress_norm: 2.203062806531005
stress: [1.55549983 0.30149042 1.53068923 0.         0.         0.        ]
cell: Cell([3.61026727, 4.90796915, 4.43055923])
positions: [[1.80513364 0.         4.36611152]
 [0.         2.45398457 4.36611152]
 [0.         0.         1.04318589]
 [1.80513364 2.45398457 1.04318589]
 [0.         0.         3.25846365]
 [1.80513364 2.45398457 3.25846365]
 [1.80513364 0.         2.15082907]
 [0.         2.45398457 2.15082907]]

rank: 47
row_index: 10098
name: EverythingWithUnary_EverythingAl_Al10VolMinAllMinRandom_structure_7661
formula: Al8
number_of_atoms: 8
energy: -0.702016677092
max_abs_stress: 1.5518079386847792
stress_norm: 2.2675097583179054
stress: [ 1.55180794  1.47442645  0.74513095  0.00973956 -0.00373851  0.06504084]
cell: Cell([[2.92274671, -0.0278973, 0.50339939], [-0.03486158, 2.91963241, 0.11743237], [0.25952041, -0.08026416, 8.37103703]])
positions: [[ 2.06080773 -0.03683754  4.2655    ]
 [ 0.58200358  1.43692731  4.07251649]
 [ 0.84019404  2.87556777  2.11642964]
 [ 2.31899819  1.40180295  2.30941315]
 [ 2.1794749  -0.07775373  8.45118475]
 [ 0.70067075  1.39601112  8.25820124]
 [ 0.97967496  2.83438903  6.30173072]
 [ 2.45847911  1.36062418  6.49471432]]

rank: 48
row_index: 42364
name: EverythingWithUnary_EverythingMg_Spg_1_to_10_all_int_min_stretch_hydro_0_8_structure_989
formula: Mg2
number_of_atoms: 2
energy: 5.27279193397
max_abs_stress: 1.5467288045701577
stress_norm: 2.062906923893769
stress: [1.03321234 1.5467288  0.89201303 0.         0.         0.        ]
cell: Cell([3.1892477, 2.11805024, 2.78008332])
positions: [[0.         0.         1.21468173]
 [1.59462385 1.05902512 2.60472339]]

rank: 49
row_index: 90222
name: EverythingWithUnary_EverythingMgAl_VolMinTrace
formula: Al4Mg2
number_of_atoms: 6
energy: 4.45095383611
max_abs_stress: 1.5383338874845003
stress_norm: 2.40932136572244
stress: [ 1.31117472  1.31117472  1.53833389  0.          0.         -0.        ]
cell: Cell([[1.85860264, -3.2191942, 0.0], [1.85860264, 3.2191942, 0.0], [0.0, 0.0, 4.29160961]])
positions: [[ 1.85860258  1.07306685  2.15232294]
 [ 1.8586027  -1.07306685  0.00651814]
 [ 1.85860258 -1.07306685  2.13928667]
 [ 1.8586027   1.07306685  4.28509147]
 [ 0.          0.          1.0729024 ]
 [ 0.          0.          3.21870721]]

rank: 50
row_index: 8311
name: EverythingWithUnary_EverythingAl_Al10VolMinAllMinRandom_structure_9892
formula: Al6
number_of_atoms: 6
energy: -6.73860766012
max_abs_stress: 1.5354962914896606
stress_norm: 1.8625074020237566
stress: [ 0.89495393  0.53705461  1.53549629 -0.04961428 -0.13903585 -0.0047149 ]
cell: Cell([[3.15851374, -1.87202914, 0.22379558], [0.12553001, 4.23602933, -0.2289361], [-0.02637846, -0.32497142, 4.14668475]])
positions: [[ 1.07536067  0.57705142  2.70133397]
 [ 2.09790071 -1.35081568  1.46846441]
 [ 0.05876772  2.50229034  3.93542087]
 [ 2.20880864  2.72132422  3.31238262]
 [ 3.22863638  0.79532154  2.08549429]
 [ 1.09266563  0.73817127  0.62812053]]

rank: 51
row_index: 86114
name: EverythingWithUnary_EverythingMgAl_VolMinTrace
formula: Al2Mg3
number_of_atoms: 5
energy: 10.2510059126
max_abs_stress: 1.53390356447963
stress_norm: 2.2699605472870696
stress: [ 1.53390356e+00  1.53390356e+00  6.68581046e-01  0.00000000e+00
 -0.00000000e+00  6.24150907e-09]
cell: Cell([[2.14911341, 0.0, 0.0], [-1.0745567, 1.86118681, 0.0], [0.0, 0.0, 11.57268601]])
positions: [[ 0.          0.          6.70634088]
 [ 0.          0.         11.26649195]
 [ 0.          0.          2.29347711]
 [ 0.          0.          8.97371198]
 [ 0.          0.          4.50936631]]

rank: 52
row_index: 43326
name: EverythingWithUnary_EverythingMg_Spg_1_to_10_all_int_min_stretch_hydro_0_8_structure_2252
formula: Mg4
number_of_atoms: 4
energy: 12.0673471745
max_abs_stress: 1.5304447822942004
stress_norm: 2.3819663542872296
stress: [1.52060053 1.53044478 1.00959225 0.         0.         0.        ]
cell: Cell([3.68294012, 2.33177219, 4.13767974])
positions: [[0.92082217 1.74888431 1.03441994]
 [2.76211795 0.58288788 1.03441994]
 [2.76229223 1.74877397 3.10325981]
 [0.92064789 0.58299822 3.10325981]]

rank: 53
row_index: 5020
name: EverythingWithUnary_EverythingAl_Al10VolMinAllMinRandom_structure_4328
formula: Al2
number_of_atoms: 2
energy: -2.71228111916
max_abs_stress: 1.5234024626399698
stress_norm: 1.5849444088674798
stress: [0.22587779 1.52340246 0.37171066 0.00870501 0.03273993 0.03092647]
cell: Cell([[2.64206462, -1.56155917, -0.14353315], [-0.03129635, 2.00334688, 0.04935352], [-0.07344241, 0.07144683, 4.22301005]])
positions: [[ 0.80474818  0.86862447  3.15192134]
 [ 1.73257768 -0.35538993  0.97690908]]

rank: 54
row_index: 43911
name: EverythingWithUnary_EverythingMg_Spg_1_to_10_all_int_min_stretch_hydro_0_8_structure_3232
formula: Mg8
number_of_atoms: 8
energy: 26.611408385
max_abs_stress: 1.5153977085280377
stress_norm: 2.137744401673097
stress: [1.51539771 0.04860938 1.50703618 0.         0.         0.        ]
cell: Cell([2.12303949, 11.050279, 3.65346923])
positions: [[1.06150571e+00 9.66901821e+00 9.13362887e-01]
 [1.40332910e-05 6.90640029e+00 9.13362887e-01]
 [1.06153378e+00 4.14387871e+00 9.13371728e-01]
 [2.12302546e+00 1.38126079e+00 9.13371728e-01]
 [1.06153378e+00 1.38126079e+00 2.74010634e+00]
 [2.12302546e+00 4.14387871e+00 2.74010634e+00]
 [1.06150571e+00 6.90640029e+00 2.74009750e+00]
 [1.40332910e-05 9.66901821e+00 2.74009750e+00]]

rank: 55
row_index: 87522
name: EverythingWithUnary_EverythingMgAl_VolMinTrace
formula: Al3Mg3
number_of_atoms: 6
energy: 9.09921823551
max_abs_stress: 1.5134782447594923
stress_norm: 2.2282900106751504
stress: [ 1.51347824  0.6197125   1.51347824 -0.          0.          0.        ]
cell: Cell([[3.73586699, 0.0, 0.0], [0.0, 4.65815812, 0.0], [-1.86793349, 0.0, 3.23535572]])
positions: [[ 0.00000000e+00  2.32907906e+00  0.00000000e+00]
 [-1.86460016e-06  0.00000000e+00  2.15690483e+00]
 [ 1.86793531e+00  2.32907906e+00  1.07845080e+00]
 [ 0.00000000e+00  0.00000000e+00  0.00000000e+00]
 [ 1.86793531e+00  0.00000000e+00  1.07845080e+00]
 [-1.86460016e-06  2.32907906e+00  2.15690483e+00]]

rank: 56
row_index: 80937
name: EverythingWithUnary_EverythingMgAl_Strain
formula: AlMg
number_of_atoms: 2
energy: 2.77855268817
max_abs_stress: 1.5011947926226243
stress_norm: 2.4607868545630764
stress: [ 1.50119479  1.3328184   1.3973654   0.21978903  0.09737028 -0.12273142]
cell: Cell([[-0.72763807, 2.54967924, 2.52203664], [0.28970806, -1.59322442, 1.66198234], [1.52759923, 2.79770659, -2.32234363]])
positions: [[0.39998058 2.67369292 0.0998465 ]
 [0.         0.         0.        ]]

rank: 57
row_index: 88078
name: EverythingWithUnary_EverythingMgAl_VolMinTrace
formula: Al2Mg
number_of_atoms: 3
energy: 5.89778725193
max_abs_stress: 1.4823594598900336
stress_norm: 2.5657207235090556
stress: [1.48235946 1.48235946 1.47923754 0.         0.         0.        ]
cell: Cell([[-1.48128142, 1.48128142, 3.13510686], [1.48128142, -1.48128142, 3.13510686], [1.48128142, 1.48128142, -3.13510686]])
positions: [[1.11022302e-16 1.48128142e+00 1.56755343e+00]
 [1.48128142e+00 1.11022302e-16 1.56755343e+00]
 [0.00000000e+00 0.00000000e+00 0.00000000e+00]]

rank: 58
row_index: 86935
name: EverythingWithUnary_EverythingMgAl_VolMinTrace
formula: Al2Mg4
number_of_atoms: 6
energy: 15.9596343953
max_abs_stress: 1.4810623994063474
stress_norm: 2.3880625746244775
stress: [ 1.32463146  1.32463146  1.4810624  -0.          0.          0.        ]
cell: Cell([5.02721588, 5.02721588, 2.27286229])
positions: [[1.25680397 3.77041191 0.        ]
 [3.77041191 1.25680397 0.        ]
 [3.77041191 3.77041191 0.        ]
 [1.25680397 1.25680397 0.        ]
 [2.51360794 0.         1.05869721]
 [0.         2.51360794 1.21416508]]

rank: 59
row_index: 7278
name: EverythingWithUnary_EverythingAl_Al10VolMinAllMinRandom_structure_8040
formula: Al8
number_of_atoms: 8
energy: -8.66677540014
max_abs_stress: 1.4809492970204177
stress_norm: 1.7842103523353756
stress: [ 0.84431691  0.51867345  1.4809493   0.00713108 -0.08305644 -0.03678777]
cell: Cell([[4.48354622, 0.15735055, 0.1025219], [0.04006548, 2.54965769, -0.01550691], [0.05260864, -0.03125491, 6.75473852]])
positions: [[4.51673067 1.42436563 1.783453  ]
 [0.05948962 1.2513875  5.05830051]
 [2.25492505 0.07086169 1.73994544]
 [2.28123008 0.05523413 5.11731492]
 [1.1509354  1.95158089 0.01400042]
 [3.41901336 2.01462876 3.44263031]
 [3.37267613 0.75542734 0.0730149 ]
 [1.15720697 0.66112457 3.39912287]]

rank: 60
row_index: 90342
name: EverythingWithUnary_EverythingMgAl_VolMinTrace
formula: Al4Mg2
number_of_atoms: 6
energy: 3.05991350464
max_abs_stress: 1.4773716577776916
stress_norm: 2.236759587279253
stress: [ 1.18753241  1.1875324   1.47737166  0.         -0.          0.        ]
cell: Cell([[2.06269595, -3.57269418, 0.0], [2.06269595, 3.57269418, 0.0], [0.0, 0.0, 3.5716932]])
positions: [[ 0.          0.          1.68858693]
 [ 0.75958166 -1.31563402  3.4258854 ]
 [ 0.75958166  1.31563402  3.4258854 ]
 [ 2.60622859  0.          3.4258854 ]
 [ 2.06269589  1.19090041  1.62438935]
 [ 2.06269589 -1.19090041  1.62438935]]

rank: 61
row_index: 10202
name: EverythingWithUnary_EverythingAl_Al10VolMinAllMinRandom_structure_8070
formula: Al8
number_of_atoms: 8
energy: -6.45721881789
max_abs_stress: 1.4657385646448255
stress_norm: 1.7416974676237333
stress: [0.06377629 1.46573856 0.92803788 0.02321393 0.10109093 0.09508176]
cell: Cell([[10.93865396, 0.17708089, 0.08444022], [0.23384085, 3.35937678, -0.01238661], [0.27643708, -0.03062634, 2.43307409]])
positions: [[ 1.43110238  0.43824265  0.31314286]
 [10.01783086  3.06758958  2.19198468]
 [ 1.68624418  2.10261697  1.52348709]
 [ 9.76269451  1.4032135   0.98164047]
 [ 7.03863685  0.51146931  1.57190015]
 [ 4.41029388  2.9943623   0.93322773]
 [ 7.0173378   2.20647088  0.34917018]
 [ 4.4315871   1.29936013  2.15595761]]

rank: 62
row_index: 42207
name: EverythingWithUnary_EverythingMg_Spg_1_to_10_all_int_min_stretch_hydro_0_8_structure_794
formula: Mg2
number_of_atoms: 2
energy: 5.26620139265
max_abs_stress: 1.4556025411539217
stress_norm: 2.142091080849098
stress: [1.15504037 1.06567217 1.45560254 0.         0.         0.        ]
cell: Cell([3.71582224, 2.33441142, 2.10631645])
positions: [[0.92895556 0.58360285 1.57973734]
 [2.78686668 1.75080856 0.52657911]]

rank: 63
row_index: 7377
name: EverythingWithUnary_EverythingAl_Al10VolMinAllMinRandom_structure_8194
formula: Al8
number_of_atoms: 8
energy: -2.74304716789
max_abs_stress: 1.4435404191703267
stress_norm: 2.1270898617888934
stress: [ 0.78616995  1.33932931  1.44354042 -0.1363423   0.00909669  0.10081752]
cell: Cell([[4.50983259, -0.16260594, -0.01896452], [-0.1626061, 2.31813034, 0.08782436], [-0.01569331, 0.07266341, 7.06784982]])
positions: [[0.8858238  0.51967041 7.08212972]
 [3.43786267 1.74484913 3.58850499]
 [1.2007316  1.61037658 1.82353783]
 [3.13080158 0.6178112  5.31317162]
 [3.44420402 1.70777096 0.05455602]
 [0.89517572 0.48408519 3.54822873]
 [3.1402663  0.58062035 1.77920986]
 [1.19126697 1.64756739 5.35749993]]

rank: 64
row_index: 43444
name: EverythingWithUnary_EverythingMg_Spg_1_to_10_all_int_min_stretch_hydro_0_8_structure_2407
formula: Mg4
number_of_atoms: 4
energy: 12.3559167553
max_abs_stress: 1.44022087256932
stress_norm: 2.020082430078724
stress: [0.03258079 1.44022087 1.41613395 0.         0.         0.        ]
cell: Cell([5.57546559, 3.61073813, 2.18011089])
positions: [[2.7877328  1.80536907 2.07361805]
 [0.         0.         2.07363362]
 [2.7877328  0.         0.98358875]
 [0.         1.80536907 0.98358875]]

rank: 65
row_index: 42911
name: EverythingWithUnary_EverythingMg_Spg_1_to_10_all_int_min_stretch_hydro_0_8_structure_1699
formula: Mg4
number_of_atoms: 4
energy: 10.8593621481
max_abs_stress: 1.4305051835070048
stress_norm: 2.2121922712072437
stress: [ 1.40102293  1.43050518  0.94052343  0.          0.         -0.        ]
cell: Cell([3.73931636, 2.33969004, 4.16480717])
positions: [[2.80448462 0.58492628 1.08210565]
 [0.93483174 1.75476376 1.08210565]
 [2.80448462 1.75476376 3.16450924]
 [0.93483174 0.58492628 3.16450924]]

rank: 66
row_index: 44910
name: EverythingWithUnary_EverythingMg_Spg_1_to_10_all_int_min_stretch_hydro_0_8_structure_2965
formula: Mg6
number_of_atoms: 6
energy: 16.7450906559
max_abs_stress: 1.4294394832816737
stress_norm: 2.213719674050124
stress: [ 1.28839231  1.08400022  1.42943948 -0.          0.          0.14915205]
cell: Cell([[3.86991331, 0.0, 0.0], [-2.29731338, 3.9790635, 0.0], [0.0, 0.0, 3.55442903]])
positions: [[ 1.28997341  0.          0.88860726]
 [-0.7657725   1.32635687  0.88860726]
 [ 1.04839902  2.65270663  0.88860726]
 [ 2.5799399   0.          2.66582177]
 [-1.53154088  2.65270663  2.66582177]
 [ 0.52420091  1.32635687  2.66582177]]

rank: 67
row_index: 10110
name: EverythingWithUnary_EverythingAl_Al10VolMinAllMinRandom_structure_7725
formula: Al8
number_of_atoms: 8
energy: -2.35608912928
max_abs_stress: 1.4172925329482542
stress_norm: 1.94384802649168
stress: [1.41729253 0.12389756 1.31782491 0.01234978 0.13282051 0.00448544]
cell: Cell([[5.883484, 0.05971829, -0.03353211], [0.11411558, 4.8468577, 0.04226635], [-0.07285255, 0.04828159, 2.83132879]])
positions: [[ 4.40407455  1.28050178  1.4008792 ]
 [ 4.42600088  3.72835967  2.83767494]
 [ 1.55709259  3.6499507   0.02351713]
 [ 1.4623266   1.25092462  1.41805498]
 [ 0.05027379  3.66949459  1.44781412]
 [ 2.96915914  1.23136497 -0.00591562]
 [ 5.83852705  1.32989442  2.80809109]
 [ 2.99153357  3.67893957  1.43013629]]

rank: 68
row_index: 11160
name: EverythingWithUnary_EverythingAl_Al10VolMinAllMinRandom_structure_9529
formula: Al
number_of_atoms: 1
energy: 0.0974975364865
max_abs_stress: 1.4132989345748006
stress_norm: 1.7704852206566972
stress: [ 1.06393901  1.41329893 -0.01974619 -0.03102886  0.00388708  0.06220942]
cell: Cell([[1.89229372, -1.08231658, 0.03333228], [0.00883324, 2.00528405, -0.04364677], [0.02473028, -0.05167056, 3.45815494]])
positions: [[ 0.01958591 -0.04092206  2.73878941]]

rank: 69
row_index: 44420
name: EverythingWithUnary_EverythingMg_Spg_1_to_10_all_int_min_stretch_hydro_0_8_structure_4017
formula: Mg8
number_of_atoms: 8
energy: 21.1316191684
max_abs_stress: 1.412135180241917
stress_norm: 2.146952182502754
stress: [1.41213518 0.78976398 1.41122315 0.         0.         0.        ]
cell: Cell([2.32518699, 4.29963389, 7.42177473])
positions: [[0.         0.         3.71088737]
 [1.1625935  2.14981694 0.        ]
 [0.         0.         0.        ]
 [1.1625935  2.14981694 3.71088737]
 [0.         2.14981694 5.56633105]
 [1.1625935  0.         1.85544368]
 [0.         2.14981694 1.85544368]
 [1.1625935  0.         5.56633105]]

rank: 70
row_index: 7734
name: EverythingWithUnary_EverythingAl_Al10VolMinAllMinRandom_structure_8698
formula: Al8
number_of_atoms: 8
energy: -3.22537036144
max_abs_stress: 1.4066324036988975
stress_norm: 1.7582310983267453
stress: [ 0.72223526  0.76082754  1.4066324   0.07731542 -0.05418279 -0.05801823]
cell: Cell([[6.0993451, -3.44325225, 0.09494535], [0.06779095, 7.12503787, -0.09055394], [0.25137801, -0.42198243, 2.01839813]])
positions: [[ 5.27727845 -1.98936076  1.53989538]
 [ 5.31115374  1.57099222  1.49464588]
 [ 2.2294601  -0.26878174  1.49245155]
 [ 1.13179188  5.26501692  0.40706781]
 [ 1.0979167   1.7046639   0.45231717]
 [ 4.17961029  3.5444378   0.45451162]
 [ 2.26224451  3.29349125  1.44822361]
 [ 4.14708969 -0.01827819  0.5008578 ]]

rank: 71
row_index: 10689
name: EverythingWithUnary_EverythingAl_Al10VolMinAllMinRandom_structure_9612
formula: Al4
number_of_atoms: 4
energy: -3.47856546482
max_abs_stress: 1.3974153612795222
stress_norm: 1.9607288771506761
stress: [ 0.18843135  1.35629198  1.39741536 -0.08825943  0.09142044 -0.02250118]
cell: Cell([[2.38260581, 0.13614915, -1.68027855], [0.06615428, 4.35299522, 0.04068446], [0.22649263, 0.09898358, 3.71122422]])
positions: [[ 1.36342088  3.94439301  1.05083453]
 [ 1.32891484  1.76780934  1.03130165]
 [ 1.42423484  0.72745303  2.8767784 ]
 [ 1.23497817  2.80524974 -0.81501265]]

rank: 72
row_index: 42806
name: EverythingWithUnary_EverythingMg_Spg_1_to_10_all_int_min_stretch_hydro_0_8_structure_1565
formula: Mg4
number_of_atoms: 4
energy: 9.63561259414
max_abs_stress: 1.3819739864191187
stress_norm: 1.8980164973063633
stress: [1.25602613 0.33913549 1.38197399 0.         0.         0.        ]
cell: Cell([2.40797716, 4.80307173, 3.49957077])
positions: [[0.         0.         0.        ]
 [0.         2.40153587 1.74978539]
 [1.20398858 0.         1.74978539]
 [1.20398858 2.40153587 0.        ]]

rank: 73
row_index: 90412
name: EverythingWithUnary_EverythingMgAl_VolMinTrace
formula: Al5Mg
number_of_atoms: 6
energy: 4.42860079657
max_abs_stress: 1.3771063520809785
stress_norm: 2.334925546334715
stress: [ 1.33331455e+00  1.37710635e+00  1.33331456e+00 -0.00000000e+00
  6.24150907e-09  0.00000000e+00]
cell: Cell([[3.81783302, 0.0, 0.0], [0.0, 4.1738211, 0.0], [-1.9089165, 0.0, 3.30634039]])
positions: [[ 0.00000000e+00  0.00000000e+00  0.00000000e+00]
 [-1.90224984e-06  2.08691055e+00  2.20422796e+00]
 [ 1.90891842e+00  2.08691055e+00  1.10211243e+00]
 [-1.90224984e-06  0.00000000e+00  2.20422796e+00]
 [ 1.90891842e+00  0.00000000e+00  1.10211243e+00]
 [ 0.00000000e+00  2.08691055e+00  0.00000000e+00]]

rank: 74
row_index: 42839
name: EverythingWithUnary_EverythingMg_Spg_1_to_10_all_int_min_stretch_hydro_0_8_structure_1602
formula: Mg4
number_of_atoms: 4
energy: 8.49594291411
max_abs_stress: 1.3726122158873355
stress_norm: 1.7874119842223357
stress: [0.82923453 0.78939686 1.37261222 0.         0.         0.        ]
cell: Cell([3.08986747, 2.96639963, 4.31863116])
positions: [[0.         1.48317629 0.        ]
 [0.         1.48322334 2.15931558]
 [1.54495824 0.         1.07965779]
 [1.54490923 0.         3.23897337]]

rank: 75
row_index: 41591
name: EverythingWithUnary_EverythingMg_Spg_1_to_10_all_int_min_stretch_hydro_0_8_structure_40
formula: Mg2
number_of_atoms: 2
energy: 5.07878523276
max_abs_stress: 1.3724259005999677
stress_norm: 2.127792525688009
stress: [1.1127013  1.3724259  1.18568293 0.         0.         0.        ]
cell: Cell([2.57446388, 2.29947213, 3.09714777])
positions: [[0.         0.         0.        ]
 [1.28723194 1.14973606 1.54857388]]

rank: 76
row_index: 42865
name: EverythingWithUnary_EverythingMg_Spg_1_to_10_all_int_min_stretch_hydro_0_8_structure_1646
formula: Mg4
number_of_atoms: 4
energy: 10.9034701075
max_abs_stress: 1.3665592066288794
stress_norm: 1.909348622431452
stress: [ 0.06949425  1.3316526   1.36655921 -0.          0.          0.        ]
cell: Cell([5.42416106, 2.22125223, 3.63354938])
positions: [[2.71208053 1.11062612 1.81677469]
 [0.         0.         1.81677469]
 [0.         1.11062612 0.        ]
 [2.71208053 0.         0.        ]]

rank: 77
row_index: 6804
name: EverythingWithUnary_EverythingAl_Al10VolMinAllMinRandom_structure_7105
formula: Al6
number_of_atoms: 6
energy: -7.84752929536
max_abs_stress: 1.3644907954877923
stress_norm: 1.5219858053659956
stress: [ 0.39468394  0.54395883  1.3644908  -0.03054544 -0.0346061  -0.02843303]
cell: Cell([[5.41567849, -2.88947783, -0.068196], [0.20547863, 5.84260348, -0.11322045], [-0.14542296, -0.19482393, 2.04276636]])
positions: [[ 2.20659072 -0.49300135  0.46846289]
 [ 4.75288327 -0.91974036  0.41907972]
 [ 3.96829348  1.33027053  0.3949197 ]
 [ 3.26914345  3.25130307  1.392887  ]
 [ 0.72285094  3.67804205  1.44227019]
 [ 1.50744068  1.42803119  1.46643021]]

rank: 78
row_index: 6298
name: EverythingWithUnary_EverythingAl_Al10VolMinAllMinRandom_structure_6334
formula: Al6
number_of_atoms: 6
energy: -6.15658317038
max_abs_stress: 1.3611015000228832
stress_norm: 1.6812769875709708
stress: [ 0.81888626  0.5471042   1.3611015  -0.02016032  0.00458427  0.06139914]
cell: Cell([[3.64504716, -0.10034871, 0.0525165], [-0.0676563, 7.87857904, -0.04277517], [0.07497556, -0.09057755, 2.09227918]])
positions: [[ 3.68139058e-03  3.89397555e+00  1.02534822e+00]
 [ 1.79233414e+00  7.78314108e+00  1.02902648e+00]
 [ 1.53235607e+00  2.44287303e+00  2.09859198e+00]
 [ 2.19491185e+00  5.15429022e+00  2.09365297e+00]
 [ 2.87104285e-01  6.50394071e+00 -2.93945946e-02]
 [ 3.29035976e+00  1.27420163e+00  4.11906569e-02]]

rank: 79
row_index: 44474
name: EverythingWithUnary_EverythingMg_Spg_1_to_10_all_int_min_stretch_hydro_0_8_structure_4103
formula: Mg8
number_of_atoms: 8
energy: 19.7580221648
max_abs_stress: 1.360249502826737
stress_norm: 1.8716684765337839
stress: [1.27294263 1.3602495  0.18022551 0.         0.         0.        ]
cell: Cell([2.32290655, 3.56187432, 10.20550081])
positions: [[0.00000000e+00 1.78093716e+00 3.04123924e-05]
 [1.16145327e+00 0.00000000e+00 1.02054704e+01]
 [1.16145327e+00 0.00000000e+00 5.10278082e+00]
 [0.00000000e+00 1.78093716e+00 5.10271999e+00]
 [0.00000000e+00 0.00000000e+00 2.55150665e+00]
 [0.00000000e+00 0.00000000e+00 7.65399416e+00]
 [1.16145327e+00 1.78093716e+00 7.65425705e+00]
 [1.16145327e+00 1.78093716e+00 2.55124376e+00]]

rank: 80
row_index: 28
name: EverythingWithUnary_EverythingAl_Al10_structure_43
formula: Al2
number_of_atoms: 2
energy: -1.91543544339
max_abs_stress: 1.3577595276797734
stress_norm: 1.6302221812883675
stress: [ 0.05123361  1.35775953  0.90055772  0.         -0.0220078   0.        ]
cell: Cell([[2.7282572, 0.0, -0.57825796], [0.0, 3.45285344, 0.0], [0.0, 0.0, 2.41412993]])
positions: [[0.50991536 2.63209657 1.80739304]
 [0.50991536 0.82075687 0.60032807]]

rank: 81
row_index: 91090
name: EverythingWithUnary_EverythingMgAl_VolMinTrace
formula: Al5Mg
number_of_atoms: 6
energy: -5.26619185693
max_abs_stress: 1.3507077271732597
stress_norm: 1.6371953348359967
stress: [0.65421602 1.35070773 0.65421602 0.         0.         0.        ]
cell: Cell([[4.00252488, 0.0, 0.0], [0.0, 4.21459616, 0.0], [-2.00126243, 0.0, 3.46628823]])
positions: [[ 0.00000000e+00  2.27562416e+00  0.00000000e+00]
 [-1.99459577e-06  3.51083290e+00  2.31085991e+00]
 [ 2.00126444e+00  3.51083290e+00  1.15542832e+00]
 [-1.99459577e-06  1.39774544e+00  2.31085991e+00]
 [ 2.00126444e+00  1.39774544e+00  1.15542832e+00]
 [ 0.00000000e+00  1.43488792e-01  0.00000000e+00]]

rank: 82
row_index: 81652
name: EverythingWithUnary_EverythingMgAl_Strain
formula: Al3Mg
number_of_atoms: 4
energy: -1.81109748658
max_abs_stress: 1.3372161061249375
stress_norm: 1.7453484556753311
stress: [0.99990026 1.33721611 0.43929028 0.02016585 0.00490687 0.25472944]
cell: Cell([[2.54701451, -0.1303129, 0.02357868], [-0.13031288, 3.52187771, 0.14294037], [0.02357857, 0.14294036, 4.34197372]])
positions: [[ 1.27350725 -0.06515641  0.01178934]
 [-0.06515644  1.76093886  0.07147019]
 [-0.11852359  3.59334785  2.31392723]
 [ 1.2201401   1.76725259  2.25424639]]

rank: 83
row_index: 6487
name: EverythingWithUnary_EverythingAl_Al10VolMinAllMinRandom_structure_6625
formula: Al6
number_of_atoms: 6
energy: 1.64257204059
max_abs_stress: 1.3294413765884185
stress_norm: 2.276708124636848
stress: [ 1.32405595  1.32944138  1.27588772 -0.03632673 -0.17038983  0.06796714]
cell: Cell([[3.25415852, -0.10522329, 0.2252329], [-0.10522329, 3.11485653, 0.060716], [0.1739529, 0.04689248, 5.6248281]])
positions: [[-0.00915673  1.56914237  1.43548697]
 [ 0.07781969  1.59258864  4.24790102]
 [ 1.67060082 -0.04087951  1.51990153]
 [ 1.75757724 -0.0174333   4.33231558]
 [ 0.08697645  0.02344624  2.81241405]
 [ 1.57446761  1.50481662  0.14297445]]

rank: 84
row_index: 6660
name: EverythingWithUnary_EverythingAl_Al10VolMinAllMinRandom_structure_6872
formula: Al6
number_of_atoms: 6
energy: -9.17925899752
max_abs_stress: 1.3273241318803364
stress_norm: 1.5553461669827546
stress: [ 0.69863735  0.4103346   1.32732413 -0.01626943  0.02054442 -0.01252785]
cell: Cell([[3.49130213, -1.87727848, -0.36034456], [-0.03207171, 4.13451877, 0.1754155], [-0.41055511, 0.16823584, 4.17728879]])
positions: [[ 1.0282574   0.80258393  1.19052039]
 [ 2.06770696 -1.14271348  2.40418058]
 [-0.41687823  2.91682142  4.15480397]
 [ 3.27801997  0.95991807  1.70652432]
 [ 0.82611218  0.88742911  3.27999023]
 [ 2.23993155  2.90274108  0.4912909 ]]

rank: 85
row_index: 87418
name: EverythingWithUnary_EverythingMgAl_VolMinTrace
formula: Al3Mg2
number_of_atoms: 5
energy: 5.23260020236
max_abs_stress: 1.3254189237185157
stress_norm: 2.1178202669685713
stress: [ 1.32541892  1.32541892  0.98574442  0.         -0.          0.        ]
cell: Cell([[1.87122363, -3.24105439, 0.0], [1.87122363, 3.24105439, 0.0], [0.0, 0.0, 3.92372846]])
positions: [[ 1.26634266 -2.19336982  2.85592515]
 [ 1.26634266  2.19336982  2.85592515]
 [ 1.20976194  0.          2.85592515]
 [ 1.87122357  1.08035359  0.80044265]
 [ 1.87122357 -1.08035359  0.80044265]]

rank: 86
row_index: 87062
name: EverythingWithUnary_EverythingMgAl_VolMinTrace
formula: Al2Mg4
number_of_atoms: 6
energy: 10.0422436724
max_abs_stress: 1.3215330475501703
stress_norm: 1.9864899401736797
stress: [1.32153305 1.32153305 0.67323331 0.         0.         0.        ]
cell: Cell([[1.89989756, -3.2907191, 0.0], [1.89989756, 3.2907191, 0.0], [0.0, 0.0, 4.6015521]])
positions: [[ 1.8998975   1.09690853  3.09106064]
 [ 1.8998975  -1.09690853  0.79028459]
 [ 1.8998975   1.09690853  0.65399941]
 [ 1.8998975  -1.09690853  2.95477546]
 [ 0.          0.          0.9287118 ]
 [ 0.          0.          3.22948785]]

rank: 87
row_index: 43730
name: EverythingWithUnary_EverythingMg_Spg_1_to_10_all_int_min_stretch_hydro_0_8_structure_2913
formula: Mg6
number_of_atoms: 6
energy: 18.038192727
max_abs_stress: 1.319314827708289
stress_norm: 2.103556931065957
stress: [ 0.85522799  1.29881272  1.31931483 -0.28311317 -0.31032019 -0.29929761]
cell: Cell([[3.05815066, 0.0, 0.0], [-1.07916659, 1.86917137, 0.0], [0.0, 0.0, 10.01824655]])
positions: [[-7.19395637e-01  1.24611608e+00  9.18337637e+00]
 [ 6.59641842e-01  6.23085715e-01  2.50454190e+00]
 [ 9.59571317e-01  1.86914092e+00  5.84396400e+00]
 [ 2.03875253e+00  3.04488016e-05  8.34870176e-01]
 [ 6.59709197e-01  6.23055285e-01  7.51370435e+00]
 [ 2.33867296e+00  1.24608565e+00  4.17428225e+00]]

rank: 88
row_index: 84680
name: EverythingWithUnary_EverythingMgAl_VolMinTrace
formula: Al2Mg
number_of_atoms: 3
energy: 0.864826844949
max_abs_stress: 1.314303738525592
stress_norm: 2.1553898363698925
stress: [1.09129131 1.31430374 1.31430374 0.         0.         0.        ]
cell: Cell([[2.33001254, 0.0, 0.0], [0.0, 3.62198465, 0.0], [0.0, -1.81099232, 3.13673072]])
positions: [[ 2.09713722e+00 -1.80765899e-06  2.09115480e+00]
 [ 2.32875317e-01  1.81099414e+00  1.04557592e+00]
 [ 1.16500627e+00  0.00000000e+00  0.00000000e+00]]

rank: 89
row_index: 44384
name: EverythingWithUnary_EverythingMg_Spg_1_to_10_all_int_min_stretch_hydro_0_8_structure_3942
formula: Mg8
number_of_atoms: 8
energy: 15.0444080292
max_abs_stress: 1.3094025997667424
stress_norm: 1.6134094457140693
stress: [0.58136991 1.3094026  0.74199993 0.         0.         0.        ]
cell: Cell([4.51154124, 2.12612142, 8.66339008])
positions: [[0.         0.         0.46339711]
 [2.25577062 1.06306071 4.79509215]
 [0.         0.         4.79510965]
 [2.25577062 1.06306071 0.46341461]
 [0.         1.06306071 2.62919594]
 [2.25577062 0.         2.62919594]
 [2.25577062 0.         6.96089098]
 [0.         1.06306071 6.96089098]]

rank: 90
row_index: 335
name: EverythingWithUnary_EverythingAl_Al10_structure_581
formula: Al6
number_of_atoms: 6
energy: -3.32889044869
max_abs_stress: 1.3044734740812054
stress_norm: 1.8450245954242082
stress: [ 1.30447347  1.30447347  0.02852488 -0.          0.          0.        ]
cell: Cell([[3.19528472, -1.84479849, 0.0], [0.0, 3.68959698, 0.0], [0.0, 0.0, 5.78322494]])
positions: [[ 1.06509490e+00  1.84479851e+00  4.33741871e+00]
 [ 2.13018982e+00 -1.84479849e-08  1.44580624e+00]
 [ 0.00000000e+00  0.00000000e+00  1.44580624e+00]
 [ 0.00000000e+00  0.00000000e+00  4.33741871e+00]
 [ 1.06509490e+00  1.84479851e+00  1.44580624e+00]
 [ 2.13018982e+00 -1.84479849e-08  4.33741871e+00]]

rank: 91
row_index: 86288
name: EverythingWithUnary_EverythingMgAl_VolMinTrace
formula: Al2Mg4
number_of_atoms: 6
energy: 15.6142605528
max_abs_stress: 1.304113226660472
stress_norm: 2.239986489921558
stress: [1.28779427 1.28779427 1.30411323 0.         0.         0.        ]
cell: Cell([3.10782792, 3.10782792, 5.96852202])
positions: [[1.55391396 1.55391396 3.40524874]
 [1.55391396 1.55391396 0.42098773]
 [0.         1.55391396 4.93388529]
 [1.55391396 0.         1.94962428]
 [0.         0.         0.41305921]
 [0.         0.         3.39732022]]

rank: 92
row_index: 42828
name: EverythingWithUnary_EverythingMg_Spg_1_to_10_all_int_min_stretch_hydro_0_8_structure_1589
formula: Mg4
number_of_atoms: 4
energy: 10.4001380392
max_abs_stress: 1.2981273261075799
stress_norm: 2.175182448268216
stress: [1.29812733 1.21843533 1.24967975 0.         0.         0.        ]
cell: Cell([3.34380421, 3.64839657, 2.9733931])
positions: [[0.         0.         0.        ]
 [1.67190211 0.         1.48669655]
 [0.         1.82419829 1.48669655]
 [1.67190211 1.82419829 0.        ]]

rank: 93
row_index: 42696
name: EverythingWithUnary_EverythingMg_Spg_1_to_10_all_int_min_stretch_hydro_0_8_structure_1432
formula: Mg4
number_of_atoms: 4
energy: 10.6009100005
max_abs_stress: 1.2975483137938029
stress_norm: 2.2146404597894045
stress: [1.27639226 1.2616749  1.29754831 0.         0.         0.        ]
cell: Cell([3.50924108, 3.02911481, 3.39513798])
positions: [[1.75462054 1.5145574  1.69756899]
 [0.         0.         1.69756899]
 [0.         1.5145574  0.        ]
 [1.75462054 0.         0.        ]]

rank: 94
row_index: 44304
name: EverythingWithUnary_EverythingMg_Spg_1_to_10_all_int_min_stretch_hydro_0_8_structure_3833
formula: Mg8
number_of_atoms: 8
energy: 14.4860539937
max_abs_stress: 1.293431626619901
stress_norm: 1.555509531941297
stress: [1.29343163 0.5976059  0.62410874 0.         0.         0.        ]
cell: Cell([4.21542782, 6.25680934, 3.20398353])
positions: [[0.         0.         0.        ]
 [2.10771391 3.12840467 0.        ]
 [2.10771391 0.         0.        ]
 [0.         3.12840467 0.        ]
 [1.05385696 1.56420234 1.60199176]
 [3.16157087 4.69260701 1.60199176]
 [3.16157087 1.56420234 1.60199176]
 [1.05385696 4.69260701 1.60199176]]

rank: 95
row_index: 88121
name: EverythingWithUnary_EverythingMgAl_VolMinTrace
formula: Al2Mg
number_of_atoms: 3
energy: 4.12637681359
max_abs_stress: 1.2900780762774589
stress_norm: 2.217317561252917
stress: [1.29007808 1.29007808 1.26011677 0.         0.         0.        ]
cell: Cell([[-1.51088288, 1.51088288, 3.12562922], [1.51088288, -1.51088288, 3.12562922], [1.51088288, 1.51088288, -3.12562922]])
positions: [[0.00000000e+00 0.00000000e+00 3.12562922e+00]
 [1.51088288e+00 1.11022302e-16 1.56281461e+00]
 [1.11022302e-16 1.51088288e+00 1.56281461e+00]]

rank: 96
row_index: 81083
name: EverythingWithUnary_EverythingMgAl_Strain
formula: Al2Mg2
number_of_atoms: 4
energy: 2.66664779186
max_abs_stress: 1.289102303714866
stress_norm: 1.610680885049807
stress: [ 0.00975719  0.95819923  1.2891023  -0.11525679  0.02719096 -0.01561144]
cell: Cell([[5.61605063, -0.04571144, 0.05508673], [-0.04571151, 2.44872737, 0.05954525], [0.07294248, 0.07884617, 3.43150886]])
positions: [[ 2.80314151  2.47000366  2.00778624]
 [ 0.01797201  1.26849567  1.95047018]
 [ 2.78948965  1.20617791  0.26055311]
 [ 5.62043734 -0.04096948  0.26146333]]

rank: 97
row_index: 82447
name: EverythingWithUnary_EverythingMgAl_Strain
formula: Al4Mg
number_of_atoms: 5
energy: -3.81084202533
max_abs_stress: 1.2884878958031307
stress_norm: 1.6460527894130295
stress: [0.81365245 0.52097535 1.2884879  0.17864319 0.25848237 0.13083036]
cell: Cell([[2.04222817, -1.24632544, 0.41321342], [2.03399669, 1.37857207, -0.03387208], [2.02436724, -1.26785901, 9.70434917]])
positions: [[ 2.81695491 -0.77739379  2.25868443]
 [ 3.28364647 -0.35814041  7.82475645]
 [ 2.45104822 -0.97884236  5.96476742]
 [ 3.64971799 -0.15678474  4.11875697]
 [ 4.07604149  0.13218308  0.3797571 ]]

rank: 98
row_index: 44362
name: EverythingWithUnary_EverythingMg_Spg_1_to_10_all_int_min_stretch_hydro_0_8_structure_3915
formula: Mg8
number_of_atoms: 8
energy: 21.4760024988
max_abs_stress: 1.2864066958099505
stress_norm: 2.226465116384895
stress: [1.28405654 1.2864067  1.28588628 0.         0.         0.        ]
cell: Cell([3.46728136, 6.44731398, 3.22169208])
positions: [[0.00000000e+00 0.00000000e+00 1.61084604e+00]
 [0.00000000e+00 3.22365699e+00 1.61084604e+00]
 [1.73364068e+00 3.22365699e+00 0.00000000e+00]
 [1.73364068e+00 0.00000000e+00 0.00000000e+00]
 [0.00000000e+00 1.61182849e+00 5.79904574e-06]
 [0.00000000e+00 4.83548548e+00 3.22168628e+00]
 [1.73364068e+00 4.83548548e+00 1.61085184e+00]
 [1.73364068e+00 1.61182849e+00 1.61084024e+00]]

rank: 99
row_index: 10932
name: EverythingWithUnary_EverythingAl_Al10VolMinAllMinRandom_structure_10138
formula: Al9
number_of_atoms: 9
energy: -4.80488077412
max_abs_stress: 1.2843835293681407
stress_norm: 1.8870018826679344
stress: [ 0.80122097  0.86686873  1.28438353 -0.60574439  0.3372621   0.19247503]
cell: Cell([[2.5776274, -1.74453782, 0.04589913], [-0.78615471, 7.72292653, -0.51650981], [-0.04200269, -0.42767384, 4.98702893]])
positions: [[ 0.32638014  6.61094399  3.37216264]
 [ 2.28716124  0.54722646  3.19163251]
 [ 0.88553341  3.94221855  2.44049081]
 [ 0.2679205  -0.37975693  2.21258605]
 [ 0.03890737  4.66185024  0.76458269]
 [ 1.44256274  1.26848876  1.51291183]
 [ 1.99990878 -1.40091963  0.58017524]
 [ 1.73005017  3.22447065  4.12326413]
 [ 0.55577237  1.56317169  4.81863198]]

rank: 100
row_index: 7494
name: EverythingWithUnary_EverythingAl_Al10VolMinAllMinRandom_structure_8373
formula: Al8
number_of_atoms: 8
energy: -4.45644855408
max_abs_stress: 1.2843012725200544
stress_norm: 1.6684782107076288
stress: [-0.03370259  1.28430127  1.05101629  0.14281231 -0.01168618 -0.08992639]
cell: Cell([[6.25092274, -0.14175148, -0.01443141], [-0.14175146, 2.06082952, -0.19542612], [-0.00780774, -0.10572861, 7.70679594]])
positions: [[-1.95193438e-03 -2.64321440e-02  1.92669837e+00]
 [-5.85580555e-03 -7.92964649e-02  5.78009749e+00]
 [-7.08759521e-02  1.03041175e+00 -9.74938787e-02]
 [ 3.11765385e+00 -1.76601328e-01  7.69935997e+00]
 [-7.47798242e-02  9.77547420e-01  3.75590617e+00]
 [ 3.12155772e+00 -1.23737024e-01  3.84596208e+00]
 [ 3.05263371e+00  9.33106875e-01  1.82176968e+00]
 [ 3.04872983e+00  8.80242554e-01  5.67516881e+00]]

